cnd#	|left	|right	|test1	|test2		totalconditions=1200
001	|037	|008	|	|
002	|034	|027	|	|
003	|010	|025	|	|
004	|007	|029	|	|
005	|032	|024	|	|
006	|040	|003	|	|
007	|014	|023	|	|
008	|017	|025	|	|
009	|017	|003	|	|
010	|038	|017	|	|
011	|008	|037	|	|
012	|007	|013	|	|
013	|028	|037	|	|
014	|038	|028	|	|
015	|033	|004	|	|
016	|017	|024	|	|
017	|018	|026	|	|
018	|014	|033	|	|
019	|022	|020	|	|
020	|037	|020	|	|
021	|009	|016	|	|
022	|025	|014	|	|
023	|014	|037	|	|
024	|034	|010	|	|
025	|011	|006	|	|
026	|031	|015	|	|
027	|016	|007	|	|
028	|002	|030	|	|
029	|040	|025	|	|
030	|008	|028	|	|
031	|002	|038	|	|
032	|025	|008	|	|
033	|001	|029	|	|
034	|015	|035	|	|
035	|016	|037	|	|
036	|006	|038	|	|
037	|021	|004	|	|
038	|030	|038	|	|
039	|021	|036	|	|
040	|023	|019	|	|
041	|037	|024	|	|
042	|004	|027	|	|
043	|016	|021	|	|
044	|035	|019	|	|
045	|031	|017	|	|
046	|034	|018	|	|
047	|002	|014	|	|
048	|008	|011	|	|
049	|013	|039	|	|
050	|006	|027	|	|
051	|002	|020	|	|
052	|009	|017	|	|
053	|032	|014	|	|
054	|039	|009	|	|
055	|025	|003	|	|
056	|020	|021	|	|
057	|023	|011	|	|
058	|027	|035	|	|
059	|021	|038	|	|
060	|005	|020	|	|
061	|024	|010	|	|
062	|038	|007	|	|
063	|039	|029	|	|
064	|037	|017	|	|
065	|001	|023	|	|
066	|027	|040	|	|
067	|032	|016	|	|
068	|018	|009	|	|
069	|009	|026	|	|
070	|011	|026	|	|
071	|006	|020	|	|
072	|024	|016	|	|
073	|037	|016	|	|
074	|038	|014	|	|
075	|027	|005	|	|
076	|037	|018	|	|
077	|009	|027	|	|
078	|003	|017	|	|
079	|005	|019	|	|
080	|002	|033	|	|
081	|036	|010	|	|
082	|016	|039	|	|
083	|024	|014	|	|
084	|028	|006	|	|
085	|008	|023	|	|
086	|004	|022	|	|
087	|002	|024	|	|
088	|029	|011	|	|
089	|002	|015	|	|
090	|011	|021	|	|
091	|012	|034	|	|
092	|001	|030	|	|
093	|027	|017	|	|
094	|036	|022	|	|
095	|018	|007	|	|
096	|037	|019	|	|
097	|034	|030	|	|
098	|017	|007	|	|
099	|003	|016	|	|
100	|006	|034	|	|
101	|011	|035	|	|
102	|039	|011	|	|
103	|016	|008	|	|
104	|031	|025	|	|
105	|012	|035	|	|
106	|032	|001	|	|
107	|037	|001	|	|
108	|010	|040	|	|
109	|039	|019	|	|
110	|022	|011	|	|
111	|016	|034	|	|
112	|021	|031	|	|
113	|001	|032	|	|
114	|018	|038	|	|
115	|031	|028	|	|
116	|004	|033	|	|
117	|028	|008	|	|
118	|014	|034	|	|
119	|022	|031	|	|
120	|005	|028	|	|
121	|034	|004	|	|
122	|036	|008	|	|
123	|023	|009	|	|
124	|008	|016	|	|
125	|002	|017	|	|
126	|004	|025	|	|
127	|003	|011	|	|
128	|012	|005	|	|
129	|015	|030	|	|
130	|027	|002	|	|
131	|026	|009	|	|
132	|010	|020	|	|
133	|012	|007	|	|
134	|029	|040	|	|
135	|031	|009	|	|
136	|038	|016	|	|
137	|002	|034	|	|
138	|025	|039	|	|
139	|027	|020	|	|
140	|018	|004	|	|
141	|013	|036	|	|
142	|034	|016	|	|
143	|012	|032	|	|
144	|004	|030	|	|
145	|007	|039	|	|
146	|019	|010	|	|
147	|037	|025	|	|
148	|004	|024	|	|
149	|015	|039	|	|
150	|033	|013	|	|
151	|036	|011	|	|
152	|028	|031	|	|
153	|035	|028	|	|
154	|020	|005	|	|
155	|019	|025	|	|
156	|008	|040	|	|
157	|028	|038	|	|
158	|029	|019	|	|
159	|013	|031	|	|
160	|033	|005	|	|
161	|012	|033	|	|
162	|027	|016	|	|
163	|014	|003	|	|
164	|039	|005	|	|
165	|008	|029	|	|
166	|038	|029	|	|
167	|003	|032	|	|
168	|033	|019	|	|
169	|018	|032	|	|
170	|005	|030	|	|
171	|027	|032	|	|
172	|012	|008	|	|
173	|017	|006	|	|
174	|001	|040	|	|
175	|037	|010	|	|
176	|016	|010	|	|
177	|024	|002	|	|
178	|019	|005	|	|
179	|025	|036	|	|
180	|007	|017	|	|
181	|040	|013	|	|
182	|035	|010	|	|
183	|017	|034	|	|
184	|028	|032	|	|
185	|032	|023	|	|
186	|018	|008	|	|
187	|017	|029	|	|
188	|019	|009	|	|
189	|007	|028	|	|
190	|025	|040	|	|
191	|014	|038	|	|
192	|025	|001	|	|
193	|012	|022	|	|
194	|013	|038	|	|
195	|017	|026	|	|
196	|012	|006	|	|
197	|016	|040	|	|
198	|008	|034	|	|
199	|002	|018	|	|
200	|036	|024	|	|
201	|037	|012	|	|
202	|013	|025	|	|
203	|040	|022	|	|
204	|031	|026	|	|
205	|039	|015	|	|
206	|016	|025	|	|
207	|002	|023	|	|
208	|039	|021	|	|
209	|035	|008	|	|
210	|008	|024	|	|
211	|024	|033	|	|
212	|009	|014	|	|
213	|024	|038	|	|
214	|008	|014	|	|
215	|034	|023	|	|
216	|021	|020	|	|
217	|020	|002	|	|
218	|019	|023	|	|
219	|040	|012	|	|
220	|038	|002	|	|
221	|022	|013	|	|
222	|015	|029	|	|
223	|035	|020	|	|
224	|038	|005	|	|
225	|031	|019	|	|
226	|009	|024	|	|
227	|009	|012	|	|
228	|026	|032	|	|
229	|024	|006	|	|
230	|011	|038	|	|
231	|020	|003	|	|
232	|026	|034	|	|
233	|013	|037	|	|
234	|035	|018	|	|
235	|036	|026	|	|
236	|011	|007	|	|
237	|002	|027	|	|
238	|011	|002	|	|
239	|021	|002	|	|
240	|030	|007	|	|
241	|001	|025	|	|
242	|018	|003	|	|
243	|026	|017	|	|
244	|039	|024	|	|
245	|005	|037	|	|
246	|021	|015	|	|
247	|012	|030	|	|
248	|022	|040	|	|
249	|033	|008	|	|
250	|034	|017	|	|
251	|029	|020	|	|
252	|005	|034	|	|
253	|039	|025	|	|
254	|006	|013	|	|
255	|032	|012	|	|
256	|019	|040	|	|
257	|033	|018	|	|
258	|011	|039	|	|
259	|011	|001	|	|
260	|029	|004	|	|
261	|028	|001	|	|
262	|025	|004	|	|
263	|032	|029	|	|
264	|010	|024	|	|
265	|033	|026	|	|
266	|023	|015	|	|
267	|027	|008	|	|
268	|004	|011	|	|
269	|030	|011	|	|
270	|016	|029	|	|
271	|029	|013	|	|
272	|014	|001	|	|
273	|021	|033	|	|
274	|004	|023	|	|
275	|006	|032	|	|
276	|039	|023	|	|
277	|039	|030	|	|
278	|001	|011	|	|
279	|032	|027	|	|
280	|003	|027	|	|
281	|040	|008	|	|
282	|031	|010	|	|
283	|021	|011	|	|
284	|040	|023	|	|
285	|029	|033	|	|
286	|027	|007	|	|
287	|021	|014	|	|
288	|003	|021	|	|
289	|030	|031	|	|
290	|005	|012	|	|
291	|005	|031	|	|
292	|034	|005	|	|
293	|009	|039	|	|
294	|001	|035	|	|
295	|032	|025	|	|
296	|014	|007	|	|
297	|003	|030	|	|
298	|029	|039	|	|
299	|017	|040	|	|
300	|028	|004	|	|
301	|035	|026	|	|
302	|013	|005	|	|
303	|010	|012	|	|
304	|022	|003	|	|
305	|033	|001	|	|
306	|037	|026	|	|
307	|004	|038	|	|
308	|029	|034	|	|
309	|021	|006	|	|
310	|031	|018	|	|
311	|018	|023	|	|
312	|010	|023	|	|
313	|036	|023	|	|
314	|023	|039	|	|
315	|016	|032	|	|
316	|040	|026	|	|
317	|034	|001	|	|
318	|005	|033	|	|
319	|021	|016	|	|
320	|013	|040	|	|
321	|010	|037	|	|
322	|004	|013	|	|
323	|026	|007	|	|
324	|020	|026	|	|
325	|018	|006	|	|
326	|038	|018	|	|
327	|026	|004	|	|
328	|010	|022	|	|
329	|030	|010	|	|
330	|017	|030	|	|
331	|006	|023	|	|
332	|002	|012	|	|
333	|030	|032	|	|
334	|028	|015	|	|
335	|015	|023	|	|
336	|014	|032	|	|
337	|006	|030	|	|
338	|013	|028	|	|
339	|035	|027	|	|
340	|015	|031	|	|
341	|017	|032	|	|
342	|034	|021	|	|
343	|023	|038	|	|
344	|017	|004	|	|
345	|001	|019	|	|
346	|031	|024	|	|
347	|038	|001	|	|
348	|036	|019	|	|
349	|029	|031	|	|
350	|039	|002	|	|
351	|039	|017	|	|
352	|012	|027	|	|
353	|026	|013	|	|
354	|001	|021	|	|
355	|026	|001	|	|
356	|036	|001	|	|
357	|004	|019	|	|
358	|003	|018	|	|
359	|040	|007	|	|
360	|036	|016	|	|
361	|008	|017	|	|
362	|020	|010	|	|
363	|018	|037	|	|
364	|014	|036	|	|
365	|011	|027	|	|
366	|021	|032	|	|
367	|015	|027	|	|
368	|031	|006	|	|
369	|040	|028	|	|
370	|006	|016	|	|
371	|014	|030	|	|
372	|005	|018	|	|
373	|039	|012	|	|
374	|035	|002	|	|
375	|031	|023	|	|
376	|037	|011	|	|
377	|010	|029	|	|
378	|013	|010	|	|
379	|036	|014	|	|
380	|033	|028	|	|
381	|022	|038	|	|
382	|017	|033	|	|
383	|002	|039	|	|
384	|002	|016	|	|
385	|003	|013	|	|
386	|031	|014	|	|
387	|034	|020	|	|
388	|031	|005	|	|
389	|006	|017	|	|
390	|016	|023	|	|
391	|025	|012	|	|
392	|014	|035	|	|
393	|004	|040	|	|
394	|037	|006	|	|
395	|023	|035	|	|
396	|028	|018	|	|
397	|021	|018	|	|
398	|015	|028	|	|
399	|009	|037	|	|
400	|025	|016	|	|
401	|001	|033	|	|
402	|006	|024	|	|
403	|019	|003	|	|
404	|019	|006	|	|
405	|021	|001	|	|
406	|025	|020	|	|
407	|028	|009	|	|
408	|010	|035	|	|
409	|009	|028	|	|
410	|005	|029	|	|
411	|025	|017	|	|
412	|031	|003	|	|
413	|016	|033	|	|
414	|029	|014	|	|
415	|022	|009	|	|
416	|032	|019	|	|
417	|018	|035	|	|
418	|011	|010	|	|
419	|007	|040	|	|
420	|018	|027	|	|
421	|023	|018	|	|
422	|025	|007	|	|
423	|027	|039	|	|
424	|023	|004	|	|
425	|007	|026	|	|
426	|033	|002	|	|
427	|032	|026	|	|
428	|037	|030	|	|
429	|032	|004	|	|
430	|026	|011	|	|
431	|001	|027	|	|
432	|038	|013	|	|
433	|037	|015	|	|
434	|027	|013	|	|
435	|010	|016	|	|
436	|015	|032	|	|
437	|016	|004	|	|
438	|027	|009	|	|
439	|014	|002	|	|
440	|016	|030	|	|
441	|039	|007	|	|
442	|009	|011	|	|
443	|016	|031	|	|
444	|014	|008	|	|
445	|035	|023	|	|
446	|023	|003	|	|
447	|017	|027	|	|
448	|024	|001	|	|
449	|010	|021	|	|
450	|006	|025	|	|
451	|022	|008	|	|
452	|020	|023	|	|
453	|036	|013	|	|
454	|017	|009	|	|
455	|002	|019	|	|
456	|012	|021	|	|
457	|022	|037	|	|
458	|026	|039	|	|
459	|033	|011	|	|
460	|022	|012	|	|
461	|003	|040	|	|
462	|017	|005	|	|
463	|016	|009	|	|
464	|032	|008	|	|
465	|011	|030	|	|
466	|011	|009	|	|
467	|030	|036	|	|
468	|005	|032	|	|
469	|028	|013	|	|
470	|039	|027	|	|
471	|006	|037	|	|
472	|027	|006	|	|
473	|005	|023	|	|
474	|004	|017	|	|
475	|038	|021	|	|
476	|015	|009	|	|
477	|020	|032	|	|
478	|017	|035	|	|
479	|014	|006	|	|
480	|033	|006	|	|
481	|012	|023	|	|
482	|019	|029	|	|
483	|019	|004	|	|
484	|040	|016	|	|
485	|026	|016	|	|
486	|030	|020	|	|
487	|017	|038	|	|
488	|026	|015	|	|
489	|032	|009	|	|
490	|039	|004	|	|
491	|019	|021	|	|
492	|014	|009	|	|
493	|030	|005	|	|
494	|012	|025	|	|
495	|004	|020	|	|
496	|011	|023	|	|
497	|007	|022	|	|
498	|005	|026	|	|
499	|002	|025	|	|
500	|026	|035	|	|
501	|007	|015	|	|
502	|012	|037	|	|
503	|005	|022	|	|
504	|029	|017	|	|
505	|027	|003	|	|
506	|028	|033	|	|
507	|025	|032	|	|
508	|008	|025	|	|
509	|002	|011	|	|
510	|032	|011	|	|
511	|004	|012	|	|
512	|026	|002	|	|
513	|039	|010	|	|
514	|008	|030	|	|
515	|021	|039	|	|
516	|008	|015	|	|
517	|006	|022	|	|
518	|025	|002	|	|
519	|032	|010	|	|
520	|026	|037	|	|
521	|031	|030	|	|
522	|001	|018	|	|
523	|038	|012	|	|
524	|031	|008	|	|
525	|038	|006	|	|
526	|040	|024	|	|
527	|027	|038	|	|
528	|036	|003	|	|
529	|020	|007	|	|
530	|040	|010	|	|
531	|039	|003	|	|
532	|038	|025	|	|
533	|016	|001	|	|
534	|013	|034	|	|
535	|030	|002	|	|
536	|014	|039	|	|
537	|034	|019	|	|
538	|003	|024	|	|
539	|004	|014	|	|
540	|035	|011	|	|
541	|018	|030	|	|
542	|032	|030	|	|
543	|031	|020	|	|
544	|029	|032	|	|
545	|003	|014	|	|
546	|003	|029	|	|
547	|016	|035	|	|
548	|002	|032	|	|
549	|010	|027	|	|
550	|016	|036	|	|
551	|027	|014	|	|
552	|015	|003	|	|
553	|040	|002	|	|
554	|017	|023	|	|
555	|017	|008	|	|
556	|004	|036	|	|
557	|035	|004	|	|
558	|015	|007	|	|
559	|035	|013	|	|
560	|036	|018	|	|
561	|013	|030	|	|
562	|002	|026	|	|
563	|002	|040	|	|
564	|040	|004	|	|
565	|011	|008	|	|
566	|003	|037	|	|
567	|019	|039	|	|
568	|030	|040	|	|
569	|025	|010	|	|
570	|033	|023	|	|
571	|024	|034	|	|
572	|021	|012	|	|
573	|035	|006	|	|
574	|034	|007	|	|
575	|012	|031	|	|
576	|038	|030	|	|
577	|037	|009	|	|
578	|020	|039	|	|
579	|033	|017	|	|
580	|019	|030	|	|
581	|004	|031	|	|
582	|036	|027	|	|
583	|006	|019	|	|
584	|029	|012	|	|
585	|024	|008	|	|
586	|021	|003	|	|
587	|014	|021	|	|
588	|034	|022	|	|
589	|032	|013	|	|
590	|024	|036	|	|
591	|024	|013	|	|
592	|019	|033	|	|
593	|019	|024	|	|
594	|027	|011	|	|
595	|030	|018	|	|
596	|009	|025	|	|
597	|028	|011	|	|
598	|007	|012	|	|
599	|040	|011	|	|
600	|004	|029	|	|
601	|029	|018	|	|
602	|023	|032	|	|
603	|029	|005	|	|
604	|013	|021	|	|
605	|005	|014	|	|
606	|009	|040	|	|
607	|025	|015	|	|
608	|003	|033	|	|
609	|030	|009	|	|
610	|014	|005	|	|
611	|026	|031	|	|
612	|022	|032	|	|
613	|024	|015	|	|
614	|004	|021	|	|
615	|009	|022	|	|
616	|031	|001	|	|
617	|009	|036	|	|
618	|018	|039	|	|
619	|021	|040	|	|
620	|003	|019	|	|
621	|001	|038	|	|
622	|029	|007	|	|
623	|010	|036	|	|
624	|005	|024	|	|
625	|008	|032	|	|
626	|001	|034	|	|
627	|014	|027	|	|
628	|026	|003	|	|
629	|035	|029	|	|
630	|019	|034	|	|
631	|028	|012	|	|
632	|018	|028	|	|
633	|004	|016	|	|
634	|015	|033	|	|
635	|039	|016	|	|
636	|005	|040	|	|
637	|008	|019	|	|
638	|017	|021	|	|
639	|035	|012	|	|
640	|010	|014	|	|
641	|008	|012	|	|
642	|001	|036	|	|
643	|020	|031	|	|
644	|030	|001	|	|
645	|007	|031	|	|
646	|022	|019	|	|
647	|013	|032	|	|
648	|019	|008	|	|
649	|036	|004	|	|
650	|007	|032	|	|
651	|011	|025	|	|
652	|029	|015	|	|
653	|035	|007	|	|
654	|019	|007	|	|
655	|017	|002	|	|
656	|029	|009	|	|
657	|023	|010	|	|
658	|036	|025	|	|
659	|015	|021	|	|
660	|003	|020	|	|
661	|007	|030	|	|
662	|011	|037	|	|
663	|011	|032	|	|
664	|022	|006	|	|
665	|019	|028	|	|
666	|024	|011	|	|
667	|005	|015	|	|
668	|032	|015	|	|
669	|006	|012	|	|
670	|007	|024	|	|
671	|018	|005	|	|
672	|009	|020	|	|
673	|030	|006	|	|
674	|031	|016	|	|
675	|036	|021	|	|
676	|003	|012	|	|
677	|040	|029	|	|
678	|032	|002	|	|
679	|013	|023	|	|
680	|025	|033	|	|
681	|023	|037	|	|
682	|035	|021	|	|
683	|003	|038	|	|
684	|003	|015	|	|
685	|003	|026	|	|
686	|010	|028	|	|
687	|019	|036	|	|
688	|033	|015	|	|
689	|030	|017	|	|
690	|034	|014	|	|
691	|039	|001	|	|
692	|028	|002	|	|
693	|012	|004	|	|
694	|007	|025	|	|
695	|009	|023	|	|
696	|029	|036	|	|
697	|012	|002	|	|
698	|035	|005	|	|
699	|035	|009	|	|
700	|010	|019	|	|
701	|014	|024	|	|
702	|027	|001	|	|
703	|024	|009	|	|
704	|032	|007	|	|
705	|013	|035	|	|
706	|034	|026	|	|
707	|033	|025	|	|
708	|037	|013	|	|
709	|021	|037	|	|
710	|023	|008	|	|
711	|024	|018	|	|
712	|020	|034	|	|
713	|012	|001	|	|
714	|001	|015	|	|
715	|002	|029	|	|
716	|002	|013	|	|
717	|004	|032	|	|
718	|023	|014	|	|
719	|028	|003	|	|
720	|015	|025	|	|
721	|020	|001	|	|
722	|026	|033	|	|
723	|015	|010	|	|
724	|021	|019	|	|
725	|006	|040	|	|
726	|007	|037	|	|
727	|005	|027	|	|
728	|037	|004	|	|
729	|001	|026	|	|
730	|036	|017	|	|
731	|018	|025	|	|
732	|038	|024	|	|
733	|014	|022	|	|
734	|006	|036	|	|
735	|040	|030	|	|
736	|020	|008	|	|
737	|003	|036	|	|
738	|002	|037	|	|
739	|026	|008	|	|
740	|025	|035	|	|
741	|018	|036	|	|
742	|029	|008	|	|
743	|011	|031	|	|
744	|029	|038	|	|
745	|008	|036	|	|
746	|022	|010	|	|
747	|033	|016	|	|
748	|006	|033	|	|
749	|001	|022	|	|
750	|024	|031	|	|
751	|011	|003	|	|
752	|018	|002	|	|
753	|022	|002	|	|
754	|027	|034	|	|
755	|031	|004	|	|
756	|034	|015	|	|
757	|012	|036	|	|
758	|013	|029	|	|
759	|004	|015	|	|
760	|018	|029	|	|
761	|031	|022	|	|
762	|035	|022	|	|
763	|036	|012	|	|
764	|009	|029	|	|
765	|016	|005	|	|
766	|001	|020	|	|
767	|025	|031	|	|
768	|030	|037	|	|
769	|024	|012	|	|
770	|005	|035	|	|
771	|033	|020	|	|
772	|039	|028	|	|
773	|035	|024	|	|
774	|016	|038	|	|
775	|012	|038	|	|
776	|008	|021	|	|
777	|012	|010	|	|
778	|012	|028	|	|
779	|002	|022	|	|
780	|017	|031	|	|
781	|020	|006	|	|
782	|031	|007	|	|
783	|024	|020	|	|
784	|003	|035	|	|
785	|028	|016	|	|
786	|021	|010	|	|
787	|024	|004	|	|
788	|028	|010	|	|
789	|027	|031	|	|
790	|004	|035	|	|
791	|028	|005	|	|
792	|001	|016	|	|
793	|038	|008	|	|
794	|015	|026	|	|
795	|020	|030	|	|
796	|006	|031	|	|
797	|030	|015	|	|
798	|014	|026	|	|
799	|037	|014	|	|
800	|028	|035	|	|
801	|031	|013	|	|
802	|023	|013	|	|
803	|009	|035	|	|
804	|020	|024	|	|
805	|019	|038	|	|
806	|015	|024	|	|
807	|025	|005	|	|
808	|010	|033	|	|
809	|026	|012	|	|
810	|033	|022	|	|
811	|026	|010	|	|
812	|012	|009	|	|
813	|008	|035	|	|
814	|009	|031	|	|
815	|038	|020	|	|
816	|011	|024	|	|
817	|022	|016	|	|
818	|038	|023	|	|
819	|017	|039	|	|
820	|016	|026	|	|
821	|021	|007	|	|
822	|028	|036	|	|
823	|026	|014	|	|
824	|018	|010	|	|
825	|015	|001	|	|
826	|021	|009	|	|
827	|034	|029	|	|
828	|040	|021	|	|
829	|033	|027	|	|
830	|017	|001	|	|
831	|009	|032	|	|
832	|034	|012	|	|
833	|028	|034	|	|
834	|030	|013	|	|
835	|036	|006	|	|
836	|024	|019	|	|
837	|025	|013	|	|
838	|030	|003	|	|
839	|024	|039	|	|
840	|023	|005	|	|
841	|013	|007	|	|
842	|027	|033	|	|
843	|007	|033	|	|
844	|009	|033	|	|
845	|034	|003	|	|
846	|026	|040	|	|
847	|031	|012	|	|
848	|007	|023	|	|
849	|030	|034	|	|
850	|007	|027	|	|
851	|011	|040	|	|
852	|027	|018	|	|
853	|023	|033	|	|
854	|030	|014	|	|
855	|032	|006	|	|
856	|002	|021	|	|
857	|015	|036	|	|
858	|023	|016	|	|
859	|009	|013	|	|
860	|015	|002	|	|
861	|023	|006	|	|
862	|001	|028	|	|
863	|038	|004	|	|
864	|017	|028	|	|
865	|010	|038	|	|
866	|013	|006	|	|
867	|039	|022	|	|
868	|031	|027	|	|
869	|022	|015	|	|
870	|023	|017	|	|
871	|026	|018	|	|
872	|011	|004	|	|
873	|010	|034	|	|
874	|025	|038	|	|
875	|006	|028	|	|
876	|036	|028	|	|
877	|029	|010	|	|
878	|007	|016	|	|
879	|037	|022	|	|
880	|008	|013	|	|
881	|020	|009	|	|
882	|013	|004	|	|
883	|008	|026	|	|
884	|001	|012	|	|
885	|008	|038	|	|
886	|010	|011	|	|
887	|038	|003	|	|
888	|029	|016	|	|
889	|005	|039	|	|
890	|035	|017	|	|
891	|029	|001	|	|
892	|013	|009	|	|
893	|033	|029	|	|
894	|025	|019	|	|
895	|013	|027	|	|
896	|037	|023	|	|
897	|009	|021	|	|
898	|008	|033	|	|
899	|012	|026	|	|
900	|032	|028	|	|
901	|007	|021	|	|
902	|016	|028	|	|
903	|023	|012	|	|
904	|030	|004	|	|
905	|033	|014	|	|
906	|011	|022	|	|
907	|036	|030	|	|
908	|024	|037	|	|
909	|012	|040	|	|
910	|028	|039	|	|
911	|019	|001	|	|
912	|008	|031	|	|
913	|031	|002	|	|
914	|019	|027	|	|
915	|014	|040	|	|
916	|022	|005	|	|
917	|031	|021	|	|
918	|028	|014	|	|
919	|008	|020	|	|
920	|023	|031	|	|
921	|034	|011	|	|
922	|005	|017	|	|
923	|013	|022	|	|
924	|013	|008	|	|
925	|019	|037	|	|
926	|021	|017	|	|
927	|014	|025	|	|
928	|007	|020	|	|
929	|010	|039	|	|
930	|006	|021	|	|
931	|030	|016	|	|
932	|034	|009	|	|
933	|032	|005	|	|
934	|008	|018	|	|
935	|001	|037	|	|
936	|038	|009	|	|
937	|013	|002	|	|
938	|020	|035	|	|
939	|018	|021	|	|
940	|016	|022	|	|
941	|022	|039	|	|
942	|038	|011	|	|
943	|039	|020	|	|
944	|028	|020	|	|
945	|036	|002	|	|
946	|029	|006	|	|
947	|020	|037	|	|
948	|023	|034	|	|
949	|020	|029	|	|
950	|026	|006	|	|
951	|021	|008	|	|
952	|006	|026	|	|
953	|036	|015	|	|
954	|014	|031	|	|
955	|027	|036	|	|
956	|005	|036	|	|
957	|009	|034	|	|
958	|012	|024	|	|
959	|023	|007	|	|
960	|033	|021	|	|
961	|027	|012	|	|
962	|009	|018	|	|
963	|018	|022	|	|
964	|035	|003	|	|
965	|022	|014	|	|
966	|003	|028	|	|
967	|018	|031	|	|
968	|005	|021	|	|
969	|028	|019	|	|
970	|007	|018	|	|
971	|016	|024	|	|
972	|017	|022	|	|
973	|026	|019	|	|
974	|038	|015	|	|
975	|035	|030	|	|
976	|022	|018	|	|
977	|020	|033	|	|
978	|038	|027	|	|
979	|004	|039	|	|
980	|040	|005	|	|
981	|017	|010	|	|
982	|018	|040	|	|
983	|003	|023	|	|
984	|014	|028	|	|
985	|040	|017	|	|
986	|021	|005	|	|
987	|026	|005	|	|
988	|024	|007	|	|
989	|011	|033	|	|
990	|019	|022	|	|
991	|040	|009	|	|
992	|032	|003	|	|
993	|036	|020	|	|
994	|018	|034	|	|
995	|035	|014	|	|
996	|020	|028	|	|
997	|011	|005	|	|
998	|020	|022	|	|
999	|039	|008	|	|
1000	|025	|037	|	|
1001	|004	|028	|	|
1002	|006	|018	|	|
1003	|022	|001	|	|
1004	|033	|007	|	|
1005	|040	|020	|	|
1006	|028	|040	|	|
1007	|024	|035	|	|
1008	|022	|034	|	|
1009	|023	|020	|	|
1010	|024	|017	|	|
1011	|010	|013	|	|
1012	|015	|022	|	|
1013	|007	|011	|	|
1014	|020	|038	|	|
1015	|030	|035	|	|
1016	|026	|036	|	|
1017	|039	|014	|	|
1018	|012	|039	|	|
1019	|038	|022	|	|
1020	|006	|039	|	|
1021	|006	|014	|	|
1022	|009	|019	|	|
1023	|001	|014	|	|
1024	|032	|018	|	|
1025	|020	|004	|	|
1026	|006	|015	|	|
1027	|038	|010	|	|
1028	|004	|037	|	|
1029	|016	|006	|	|
1030	|019	|026	|	|
1031	|016	|003	|	|
1032	|015	|038	|	|
1033	|002	|036	|	|
1034	|034	|013	|	|
1035	|002	|028	|	|
1036	|025	|006	|	|
1037	|040	|006	|	|
1038	|032	|017	|	|
1039	|006	|029	|	|
1040	|004	|018	|	|
1041	|020	|040	|	|
1042	|040	|001	|	|
1043	|016	|027	|	|
1044	|016	|002	|	|
1045	|030	|019	|	|
1046	|034	|008	|	|
1047	|012	|029	|	|
1048	|019	|031	|	|
1049	|017	|037	|	|
1050	|011	|036	|	|
1051	|001	|013	|	|
1052	|023	|040	|	|
1053	|004	|026	|	|
1054	|035	|025	|	|
1055	|029	|035	|	|
1056	|009	|030	|	|
1057	|005	|025	|	|
1058	|008	|027	|	|
1059	|010	|026	|	|
1060	|008	|022	|	|
1061	|037	|027	|	|
1062	|040	|019	|	|
1063	|020	|025	|	|
1064	|017	|036	|	|
1065	|018	|024	|	|
1066	|005	|038	|	|
1067	|022	|007	|	|
1068	|036	|009	|	|
1069	|002	|031	|	|
1070	|037	|007	|	|
1071	|039	|018	|	|
1072	|033	|003	|	|
1073	|034	|028	|	|
1074	|007	|036	|	|
1075	|022	|004	|	|
1076	|030	|033	|	|
1077	|015	|008	|	|
1078	|019	|032	|	|
1079	|015	|037	|	|
1080	|025	|009	|	|
1081	|040	|014	|	|
1082	|013	|026	|	|
1083	|021	|034	|	|
1084	|007	|019	|	|
1085	|019	|035	|	|
1086	|010	|015	|	|
1087	|025	|011	|	|
1088	|003	|039	|	|
1089	|003	|022	|	|
1090	|023	|036	|	|
1091	|022	|017	|	|
1092	|024	|040	|	|
1093	|001	|017	|	|
1094	|031	|029	|	|
1095	|007	|014	|	|
1096	|015	|004	|	|
1097	|029	|003	|	|
1098	|030	|039	|	|
1099	|028	|017	|	|
1100	|027	|010	|	|
1101	|027	|004	|	|
1102	|026	|038	|	|
1103	|007	|038	|	|
1104	|014	|010	|	|
1105	|026	|020	|	|
1106	|001	|031	|	|
1107	|007	|034	|	|
1108	|010	|018	|	|
1109	|023	|002	|	|
1110	|011	|029	|	|
1111	|027	|019	|	|
1112	|034	|002	|	|
1113	|001	|039	|	|
1114	|015	|006	|	|
1115	|034	|024	|	|
1116	|009	|038	|	|
1117	|034	|006	|	|
1118	|022	|035	|	|
1119	|033	|009	|	|
1120	|010	|017	|	|
1121	|013	|003	|	|
1122	|021	|013	|	|
1123	|021	|035	|	|
1124	|037	|002	|	|
1125	|029	|037	|	|
1126	|034	|025	|	|
1127	|028	|007	|	|
1128	|005	|011	|	|
1129	|038	|019	|	|
1130	|030	|008	|	|
1131	|007	|035	|	|
1132	|033	|024	|	|
1133	|029	|002	|	|
1134	|039	|013	|	|
1135	|024	|003	|	|
1136	|019	|002	|	|
1137	|018	|001	|	|
1138	|027	|015	|	|
1139	|022	|033	|	|
1140	|039	|006	|	|
1141	|030	|012	|	|
1142	|025	|018	|	|
1143	|013	|024	|	|
1144	|024	|032	|	|
1145	|040	|018	|	|
1146	|032	|021	|	|
1147	|036	|029	|	|
1148	|015	|040	|	|
1149	|003	|031	|	|
1150	|005	|013	|	|
1151	|037	|005	|	|
1152	|011	|034	|	|
1153	|023	|001	|	|
1154	|025	|034	|	|
1155	|038	|026	|	|
1156	|014	|029	|	|
1157	|010	|032	|	|
1158	|011	|028	|	|
1159	|006	|035	|	|
1160	|012	|003	|	|
1161	|013	|033	|	|
1162	|033	|010	|	|
1163	|006	|011	|	|
1164	|036	|007	|	|
1165	|031	|011	|	|
1166	|003	|034	|	|
1167	|037	|028	|	|
1168	|035	|016	|	|
1169	|022	|036	|	|
1170	|037	|021	|	|
1171	|032	|020	|	|
1172	|037	|003	|	|
1173	|018	|033	|	|
1174	|013	|001	|	|
1175	|039	|026	|	|
1176	|004	|034	|	|
1177	|040	|027	|	|
1178	|003	|025	|	|
1179	|024	|005	|	|
1180	|010	|031	|	|
1181	|033	|012	|	|
1182	|036	|005	|	|
1183	|027	|037	|	|
1184	|009	|015	|	|
1185	|020	|036	|	|
1186	|032	|022	|	|
1187	|015	|005	|	|
1188	|015	|034	|	|
1189	|008	|039	|	|
1190	|040	|015	|	|
1191	|005	|016	|	|
1192	|010	|030	|	|
1193	|037	|029	|	|
1194	|001	|024	|	|
1195	|035	|015	|	|
1196	|035	|001	|	|
1197	|020	|027	|	|
1198	|033	|030	|	|
1199	|002	|035	|	|
1200	|014	|004	|	|