cnd#	|left	|right	|test1	|test2		totalconditions=368
001	|014	|001	|	|
002	|004	|008	|	|
003	|003	|020	|	|
004	|025	|022	|	|
005	|015	|011	|	|
006	|010	|016	|	|
007	|019	|011	|	|
008	|019	|004	|	|
009	|016	|003	|	|
010	|001	|012	|	|
011	|004	|016	|	|
012	|016	|017	|	|
013	|010	|001	|	|
014	|027	|022	|	|
015	|016	|006	|	|
016	|018	|006	|	|
017	|024	|028	|	|
018	|020	|001	|	|
019	|013	|008	|	|
020	|021	|025	|	|
021	|026	|028	|	|
022	|018	|010	|	|
023	|008	|012	|	|
024	|003	|012	|	|
025	|001	|013	|	|
026	|024	|026	|	|
027	|028	|021	|	|
028	|017	|016	|	|
029	|015	|001	|	|
030	|027	|026	|	|
031	|012	|020	|	|
032	|002	|011	|	|
033	|005	|015	|	|
034	|025	|027	|	|
035	|009	|004	|	|
036	|001	|006	|	|
037	|020	|016	|	|
038	|026	|022	|	|
039	|022	|028	|	|
040	|002	|007	|	|
041	|018	|001	|	|
042	|008	|010	|	|
043	|028	|025	|	|
044	|008	|011	|	|
045	|013	|001	|	|
046	|020	|006	|	|
047	|007	|014	|	|
048	|006	|012	|	|
049	|015	|012	|	|
050	|016	|009	|	|
051	|017	|005	|	|
052	|019	|003	|	|
053	|024	|021	|	|
054	|013	|002	|	|
055	|009	|002	|	|
056	|018	|002	|	|
057	|016	|011	|	|
058	|013	|007	|	|
059	|009	|018	|	|
060	|004	|020	|	|
061	|002	|013	|	|
062	|012	|008	|	|
063	|018	|003	|	|
064	|012	|002	|	|
065	|021	|028	|	|
066	|004	|017	|	|
067	|020	|002	|	|
068	|019	|001	|	|
069	|021	|023	|	|
070	|023	|026	|	|
071	|005	|013	|	|
072	|016	|012	|	|
073	|013	|005	|	|
074	|005	|003	|	|
075	|009	|001	|	|
076	|016	|008	|	|
077	|025	|024	|	|
078	|010	|020	|	|
079	|012	|013	|	|
080	|016	|010	|	|
081	|017	|014	|	|
082	|017	|010	|	|
083	|006	|009	|	|
084	|022	|023	|	|
085	|015	|020	|	|
086	|024	|022	|	|
087	|011	|014	|	|
088	|008	|009	|	|
089	|003	|014	|	|
090	|014	|008	|	|
091	|006	|011	|	|
092	|003	|007	|	|
093	|024	|027	|	|
094	|010	|003	|	|
095	|005	|009	|	|
096	|014	|019	|	|
097	|003	|013	|	|
098	|007	|003	|	|
099	|009	|020	|	|
100	|007	|012	|	|
101	|002	|012	|	|
102	|005	|011	|	|
103	|010	|019	|	|
104	|017	|009	|	|
105	|002	|014	|	|
106	|016	|019	|	|
107	|005	|014	|	|
108	|020	|011	|	|
109	|003	|009	|	|
110	|019	|007	|	|
111	|026	|027	|	|
112	|027	|021	|	|
113	|023	|028	|	|
114	|019	|006	|	|
115	|025	|028	|	|
116	|007	|013	|	|
117	|012	|018	|	|
118	|001	|014	|	|
119	|004	|013	|	|
120	|002	|006	|	|
121	|011	|017	|	|
122	|020	|004	|	|
123	|010	|017	|	|
124	|026	|024	|	|
125	|019	|008	|	|
126	|021	|027	|	|
127	|005	|001	|	|
128	|003	|017	|	|
129	|009	|017	|	|
130	|019	|015	|	|
131	|006	|018	|	|
132	|010	|006	|	|
133	|021	|024	|	|
134	|016	|005	|	|
135	|008	|015	|	|
136	|011	|013	|	|
137	|004	|006	|	|
138	|011	|004	|	|
139	|009	|013	|	|
140	|010	|008	|	|
141	|011	|006	|	|
142	|019	|002	|	|
143	|008	|013	|	|
144	|012	|014	|	|
145	|001	|017	|	|
146	|020	|012	|	|
147	|006	|020	|	|
148	|017	|013	|	|
149	|001	|005	|	|
150	|002	|010	|	|
151	|010	|018	|	|
152	|004	|010	|	|
153	|005	|019	|	|
154	|011	|002	|	|
155	|011	|019	|	|
156	|002	|015	|	|
157	|025	|021	|	|
158	|010	|015	|	|
159	|010	|004	|	|
160	|017	|004	|	|
161	|019	|016	|	|
162	|008	|014	|	|
163	|006	|014	|	|
164	|026	|021	|	|
165	|002	|017	|	|
166	|006	|015	|	|
167	|004	|011	|	|
168	|004	|009	|	|
169	|020	|013	|	|
170	|019	|009	|	|
171	|022	|026	|	|
172	|001	|008	|	|
173	|004	|015	|	|
174	|004	|019	|	|
175	|007	|017	|	|
176	|014	|006	|	|
177	|015	|018	|	|
178	|009	|008	|	|
179	|016	|007	|	|
180	|017	|006	|	|
181	|013	|006	|	|
182	|013	|004	|	|
183	|014	|009	|	|
184	|017	|002	|	|
185	|027	|023	|	|
186	|018	|016	|	|
187	|012	|005	|	|
188	|002	|019	|	|
189	|009	|016	|	|
190	|021	|026	|	|
191	|008	|003	|	|
192	|009	|005	|	|
193	|002	|016	|	|
194	|014	|005	|	|
195	|009	|006	|	|
196	|001	|015	|	|
197	|002	|005	|	|
198	|028	|024	|	|
199	|012	|019	|	|
200	|017	|003	|	|
201	|016	|020	|	|
202	|020	|008	|	|
203	|007	|010	|	|
204	|008	|001	|	|
205	|007	|019	|	|
206	|005	|018	|	|
207	|016	|001	|	|
208	|019	|013	|	|
209	|013	|010	|	|
210	|023	|025	|	|
211	|017	|011	|	|
212	|018	|005	|	|
213	|014	|011	|	|
214	|005	|016	|	|
215	|015	|010	|	|
216	|015	|008	|	|
217	|007	|009	|	|
218	|013	|017	|	|
219	|014	|018	|	|
220	|009	|019	|	|
221	|012	|007	|	|
222	|023	|027	|	|
223	|001	|007	|	|
224	|004	|005	|	|
225	|006	|013	|	|
226	|005	|002	|	|
227	|002	|008	|	|
228	|014	|003	|	|
229	|007	|004	|	|
230	|016	|004	|	|
231	|018	|004	|	|
232	|015	|002	|	|
233	|008	|017	|	|
234	|016	|002	|	|
235	|027	|025	|	|
236	|016	|018	|	|
237	|006	|003	|	|
238	|003	|005	|	|
239	|001	|011	|	|
240	|007	|018	|	|
241	|017	|012	|	|
242	|005	|020	|	|
243	|007	|016	|	|
244	|007	|020	|	|
245	|006	|001	|	|
246	|019	|010	|	|
247	|001	|016	|	|
248	|015	|003	|	|
249	|006	|016	|	|
250	|006	|019	|	|
251	|020	|003	|	|
252	|014	|020	|	|
253	|003	|015	|	|
254	|011	|018	|	|
255	|009	|014	|	|
256	|003	|010	|	|
257	|003	|019	|	|
258	|022	|025	|	|
259	|003	|008	|	|
260	|013	|003	|	|
261	|006	|002	|	|
262	|005	|017	|	|
263	|010	|013	|	|
264	|010	|005	|	|
265	|003	|011	|	|
266	|017	|001	|	|
267	|001	|009	|	|
268	|009	|003	|	|
269	|013	|012	|	|
270	|001	|010	|	|
271	|010	|014	|	|
272	|020	|009	|	|
273	|006	|010	|	|
274	|001	|019	|	|
275	|008	|002	|	|
276	|004	|018	|	|
277	|018	|008	|	|
278	|015	|004	|	|
279	|023	|022	|	|
280	|010	|007	|	|
281	|018	|009	|	|
282	|005	|004	|	|
283	|014	|017	|	|
284	|009	|015	|	|
285	|023	|021	|	|
286	|012	|015	|	|
287	|010	|002	|	|
288	|011	|008	|	|
289	|027	|024	|	|
290	|008	|016	|	|
291	|020	|014	|	|
292	|005	|012	|	|
293	|012	|001	|	|
294	|015	|007	|	|
295	|011	|005	|	|
296	|004	|012	|	|
297	|006	|017	|	|
298	|008	|018	|	|
299	|028	|022	|	|
300	|002	|009	|	|
301	|003	|018	|	|
302	|004	|014	|	|
303	|018	|015	|	|
304	|012	|017	|	|
305	|011	|015	|	|
306	|014	|007	|	|
307	|011	|007	|	|
308	|013	|018	|	|
309	|020	|015	|	|
310	|001	|018	|	|
311	|011	|001	|	|
312	|012	|016	|	|
313	|028	|026	|	|
314	|007	|002	|	|
315	|011	|020	|	|
316	|007	|001	|	|
317	|019	|012	|	|
318	|003	|016	|	|
319	|015	|019	|	|
320	|014	|012	|	|
321	|013	|009	|	|
322	|017	|007	|	|
323	|019	|014	|	|
324	|018	|014	|	|
325	|018	|011	|	|
326	|009	|007	|	|
327	|012	|003	|	|
328	|015	|017	|	|
329	|014	|002	|	|
330	|007	|011	|	|
331	|017	|008	|	|
332	|002	|018	|	|
333	|013	|019	|	|
334	|012	|006	|	|
335	|011	|003	|	|
336	|015	|005	|	|
337	|024	|025	|	|
338	|025	|023	|	|
339	|020	|005	|	|
340	|014	|010	|	|
341	|028	|023	|	|
342	|022	|024	|	|
343	|022	|027	|	|
344	|004	|007	|	|
345	|005	|010	|	|
346	|015	|009	|	|
347	|013	|011	|	|
348	|018	|007	|	|
349	|008	|019	|	|
350	|018	|012	|	|
351	|019	|005	|	|
352	|007	|015	|	|
353	|002	|020	|	|
354	|006	|004	|	|
355	|017	|015	|	|
356	|011	|016	|	|
357	|003	|006	|	|
358	|001	|020	|	|
359	|008	|020	|	|
360	|015	|006	|	|
361	|018	|013	|	|
362	|020	|007	|	|
363	|013	|020	|	|
364	|012	|004	|	|
365	|014	|004	|	|
366	|008	|004	|	|
367	|026	|023	|	|
368	|020	|010	|	|