cnd#	|left	|right	|test1	|test2		totalconditions=432
001	|011	|003	|	|
002	|009	|003	|	|
003	|015	|006	|	|
004	|028	|033	|	|
005	|033	|030	|	|
006	|025	|024	|	|
007	|021	|028	|	|
008	|024	|029	|	|
009	|003	|014	|	|
010	|031	|019	|	|
011	|034	|030	|	|
012	|004	|010	|	|
013	|002	|016	|	|
014	|022	|033	|	|
015	|026	|021	|	|
016	|015	|007	|	|
017	|003	|016	|	|
018	|013	|008	|	|
019	|029	|031	|	|
020	|008	|014	|	|
021	|026	|019	|	|
022	|015	|002	|	|
023	|028	|019	|	|
024	|035	|019	|	|
025	|026	|022	|	|
026	|008	|013	|	|
027	|013	|002	|	|
028	|010	|017	|	|
029	|016	|010	|	|
030	|027	|031	|	|
031	|010	|004	|	|
032	|011	|013	|	|
033	|021	|025	|	|
034	|036	|021	|	|
035	|034	|024	|	|
036	|014	|009	|	|
037	|026	|024	|	|
038	|003	|017	|	|
039	|001	|012	|	|
040	|023	|025	|	|
041	|035	|029	|	|
042	|028	|036	|	|
043	|011	|001	|	|
044	|023	|031	|	|
045	|033	|024	|	|
046	|019	|036	|	|
047	|014	|004	|	|
048	|020	|032	|	|
049	|005	|013	|	|
050	|032	|022	|	|
051	|013	|004	|	|
052	|001	|009	|	|
053	|030	|034	|	|
054	|008	|018	|	|
055	|014	|010	|	|
056	|027	|032	|	|
057	|012	|004	|	|
058	|023	|029	|	|
059	|006	|014	|	|
060	|002	|010	|	|
061	|012	|014	|	|
062	|012	|003	|	|
063	|006	|015	|	|
064	|026	|034	|	|
065	|010	|013	|	|
066	|036	|023	|	|
067	|031	|027	|	|
068	|001	|017	|	|
069	|034	|021	|	|
070	|009	|005	|	|
071	|005	|012	|	|
072	|009	|015	|	|
073	|028	|035	|	|
074	|025	|032	|	|
075	|015	|008	|	|
076	|019	|026	|	|
077	|030	|036	|	|
078	|003	|012	|	|
079	|027	|033	|	|
080	|030	|033	|	|
081	|034	|022	|	|
082	|012	|001	|	|
083	|025	|021	|	|
084	|016	|006	|	|
085	|013	|005	|	|
086	|019	|032	|	|
087	|004	|015	|	|
088	|016	|004	|	|
089	|031	|023	|	|
090	|032	|019	|	|
091	|018	|012	|	|
092	|007	|005	|	|
093	|024	|028	|	|
094	|029	|020	|	|
095	|018	|007	|	|
096	|020	|031	|	|
097	|005	|018	|	|
098	|019	|025	|	|
099	|032	|024	|	|
100	|019	|027	|	|
101	|010	|005	|	|
102	|018	|010	|	|
103	|022	|026	|	|
104	|015	|003	|	|
105	|021	|033	|	|
106	|013	|003	|	|
107	|025	|022	|	|
108	|013	|006	|	|
109	|014	|007	|	|
110	|007	|002	|	|
111	|007	|006	|	|
112	|032	|027	|	|
113	|006	|018	|	|
114	|006	|008	|	|
115	|006	|016	|	|
116	|020	|025	|	|
117	|011	|015	|	|
118	|033	|028	|	|
119	|023	|026	|	|
120	|020	|028	|	|
121	|021	|026	|	|
122	|009	|017	|	|
123	|012	|002	|	|
124	|032	|030	|	|
125	|036	|022	|	|
126	|029	|033	|	|
127	|005	|009	|	|
128	|003	|015	|	|
129	|001	|013	|	|
130	|036	|024	|	|
131	|008	|002	|	|
132	|032	|028	|	|
133	|028	|031	|	|
134	|016	|002	|	|
135	|020	|033	|	|
136	|018	|008	|	|
137	|030	|021	|	|
138	|017	|004	|	|
139	|019	|029	|	|
140	|009	|013	|	|
141	|034	|020	|	|
142	|004	|008	|	|
143	|020	|034	|	|
144	|035	|020	|	|
145	|035	|028	|	|
146	|024	|026	|	|
147	|023	|027	|	|
148	|009	|004	|	|
149	|014	|001	|	|
150	|029	|022	|	|
151	|005	|016	|	|
152	|033	|022	|	|
153	|007	|004	|	|
154	|018	|001	|	|
155	|012	|017	|	|
156	|007	|015	|	|
157	|015	|004	|	|
158	|022	|031	|	|
159	|016	|007	|	|
160	|031	|024	|	|
161	|014	|003	|	|
162	|029	|019	|	|
163	|031	|030	|	|
164	|017	|010	|	|
165	|008	|005	|	|
166	|004	|012	|	|
167	|032	|025	|	|
168	|014	|006	|	|
169	|027	|034	|	|
170	|003	|010	|	|
171	|022	|030	|	|
172	|028	|020	|	|
173	|011	|014	|	|
174	|013	|001	|	|
175	|014	|008	|	|
176	|035	|023	|	|
177	|020	|026	|	|
178	|028	|022	|	|
179	|013	|007	|	|
180	|030	|019	|	|
181	|002	|011	|	|
182	|029	|034	|	|
183	|034	|023	|	|
184	|036	|020	|	|
185	|020	|035	|	|
186	|034	|019	|	|
187	|032	|020	|	|
188	|019	|031	|	|
189	|011	|017	|	|
190	|028	|032	|	|
191	|027	|023	|	|
192	|019	|028	|	|
193	|017	|002	|	|
194	|004	|011	|	|
195	|019	|035	|	|
196	|036	|025	|	|
197	|010	|018	|	|
198	|004	|017	|	|
199	|017	|003	|	|
200	|010	|003	|	|
201	|015	|012	|	|
202	|027	|022	|	|
203	|036	|027	|	|
204	|021	|034	|	|
205	|031	|025	|	|
206	|009	|002	|	|
207	|018	|009	|	|
208	|034	|026	|	|
209	|025	|036	|	|
210	|007	|014	|	|
211	|024	|032	|	|
212	|032	|021	|	|
213	|002	|008	|	|
214	|017	|001	|	|
215	|021	|031	|	|
216	|022	|027	|	|
217	|013	|012	|	|
218	|029	|021	|	|
219	|004	|016	|	|
220	|025	|031	|	|
221	|013	|011	|	|
222	|023	|033	|	|
223	|005	|014	|	|
224	|024	|031	|	|
225	|025	|035	|	|
226	|006	|009	|	|
227	|020	|036	|	|
228	|017	|005	|	|
229	|017	|006	|	|
230	|012	|018	|	|
231	|036	|029	|	|
232	|026	|036	|	|
233	|022	|025	|	|
234	|026	|023	|	|
235	|028	|021	|	|
236	|036	|026	|	|
237	|009	|014	|	|
238	|008	|015	|	|
239	|035	|021	|	|
240	|035	|027	|	|
241	|017	|012	|	|
242	|010	|015	|	|
243	|030	|024	|	|
244	|021	|036	|	|
245	|001	|014	|	|
246	|016	|001	|	|
247	|006	|013	|	|
248	|029	|035	|	|
249	|007	|018	|	|
250	|012	|013	|	|
251	|018	|004	|	|
252	|031	|020	|	|
253	|008	|006	|	|
254	|009	|001	|	|
255	|015	|001	|	|
256	|025	|020	|	|
257	|021	|032	|	|
258	|012	|006	|	|
259	|032	|026	|	|
260	|033	|023	|	|
261	|007	|017	|	|
262	|005	|017	|	|
263	|018	|006	|	|
264	|032	|023	|	|
265	|033	|029	|	|
266	|020	|027	|	|
267	|034	|025	|	|
268	|009	|016	|	|
269	|020	|029	|	|
270	|024	|034	|	|
271	|035	|030	|	|
272	|007	|013	|	|
273	|032	|029	|	|
274	|024	|035	|	|
275	|012	|016	|	|
276	|018	|005	|	|
277	|022	|028	|	|
278	|016	|008	|	|
279	|028	|024	|	|
280	|001	|011	|	|
281	|034	|029	|	|
282	|017	|009	|	|
283	|031	|029	|	|
284	|004	|018	|	|
285	|015	|011	|	|
286	|027	|020	|	|
287	|015	|009	|	|
288	|023	|032	|	|
289	|009	|018	|	|
290	|035	|022	|	|
291	|005	|011	|	|
292	|003	|011	|	|
293	|002	|015	|	|
294	|028	|023	|	|
295	|026	|035	|	|
296	|030	|023	|	|
297	|030	|032	|	|
298	|031	|022	|	|
299	|003	|007	|	|
300	|022	|029	|	|
301	|005	|010	|	|
302	|023	|028	|	|
303	|026	|020	|	|
304	|016	|005	|	|
305	|010	|001	|	|
306	|004	|007	|	|
307	|034	|027	|	|
308	|030	|031	|	|
309	|024	|027	|	|
310	|006	|010	|	|
311	|034	|028	|	|
312	|030	|022	|	|
313	|003	|013	|	|
314	|005	|007	|	|
315	|020	|030	|	|
316	|025	|034	|	|
317	|023	|035	|	|
318	|035	|025	|	|
319	|023	|030	|	|
320	|026	|033	|	|
321	|033	|021	|	|
322	|021	|030	|	|
323	|015	|010	|	|
324	|029	|032	|	|
325	|003	|009	|	|
326	|024	|030	|	|
327	|016	|003	|	|
328	|010	|002	|	|
329	|006	|007	|	|
330	|008	|004	|	|
331	|005	|008	|	|
332	|008	|003	|	|
333	|003	|008	|	|
334	|004	|013	|	|
335	|011	|004	|	|
336	|016	|012	|	|
337	|036	|019	|	|
338	|023	|034	|	|
339	|008	|016	|	|
340	|016	|009	|	|
341	|014	|005	|	|
342	|002	|013	|	|
343	|009	|006	|	|
344	|017	|008	|	|
345	|004	|014	|	|
346	|022	|036	|	|
347	|011	|016	|	|
348	|002	|009	|	|
349	|027	|021	|	|
350	|021	|027	|	|
351	|027	|036	|	|
352	|025	|019	|	|
353	|017	|011	|	|
354	|007	|001	|	|
355	|001	|007	|	|
356	|011	|005	|	|
357	|026	|032	|	|
358	|017	|007	|	|
359	|033	|027	|	|
360	|026	|031	|	|
361	|035	|024	|	|
362	|015	|005	|	|
363	|003	|018	|	|
364	|033	|019	|	|
365	|027	|024	|	|
366	|010	|014	|	|
367	|007	|016	|	|
368	|027	|035	|	|
369	|006	|017	|	|
370	|018	|011	|	|
371	|002	|017	|	|
372	|012	|015	|	|
373	|031	|028	|	|
374	|024	|036	|	|
375	|011	|006	|	|
376	|012	|005	|	|
377	|036	|028	|	|
378	|018	|003	|	|
379	|033	|026	|	|
380	|031	|021	|	|
381	|022	|034	|	|
382	|025	|023	|	|
383	|006	|011	|	|
384	|024	|025	|	|
385	|014	|002	|	|
386	|013	|009	|	|
387	|023	|036	|	|
388	|024	|033	|	|
389	|019	|033	|	|
390	|001	|008	|	|
391	|033	|025	|	|
392	|011	|018	|	|
393	|022	|035	|	|
394	|010	|006	|	|
395	|001	|010	|	|
396	|002	|012	|	|
397	|008	|001	|	|
398	|029	|024	|	|
399	|019	|030	|	|
400	|021	|029	|	|
401	|007	|003	|	|
402	|016	|011	|	|
403	|002	|018	|	|
404	|008	|017	|	|
405	|018	|002	|	|
406	|014	|011	|	|
407	|029	|036	|	|
408	|036	|030	|	|
409	|013	|010	|	|
410	|004	|009	|	|
411	|029	|023	|	|
412	|014	|012	|	|
413	|002	|007	|	|
414	|001	|015	|	|
415	|006	|012	|	|
416	|002	|014	|	|
417	|005	|015	|	|
418	|011	|002	|	|
419	|021	|035	|	|
420	|001	|016	|	|
421	|035	|026	|	|
422	|001	|018	|	|
423	|027	|019	|	|
424	|025	|033	|	|
425	|019	|034	|	|
426	|031	|026	|	|
427	|033	|020	|	|
428	|030	|020	|	|
429	|028	|034	|	|
430	|022	|032	|	|
431	|010	|016	|	|
432	|030	|035	|	|