cnd#	|left	|right	|test1	|test2		totalconditions=432
001	|015	|009	|	|
002	|002	|014	|	|
003	|002	|010	|	|
004	|029	|022	|	|
005	|027	|020	|	|
006	|017	|011	|	|
007	|011	|004	|	|
008	|023	|027	|	|
009	|022	|032	|	|
010	|018	|007	|	|
011	|003	|010	|	|
012	|036	|026	|	|
013	|019	|029	|	|
014	|010	|005	|	|
015	|028	|020	|	|
016	|029	|023	|	|
017	|018	|010	|	|
018	|031	|022	|	|
019	|021	|030	|	|
020	|026	|036	|	|
021	|023	|033	|	|
022	|014	|012	|	|
023	|025	|021	|	|
024	|030	|022	|	|
025	|027	|036	|	|
026	|021	|034	|	|
027	|008	|004	|	|
028	|001	|014	|	|
029	|026	|034	|	|
030	|031	|023	|	|
031	|028	|031	|	|
032	|020	|036	|	|
033	|017	|001	|	|
034	|032	|030	|	|
035	|033	|026	|	|
036	|031	|024	|	|
037	|028	|024	|	|
038	|014	|004	|	|
039	|004	|013	|	|
040	|034	|028	|	|
041	|027	|023	|	|
042	|009	|004	|	|
043	|024	|036	|	|
044	|034	|024	|	|
045	|027	|032	|	|
046	|025	|036	|	|
047	|030	|033	|	|
048	|034	|030	|	|
049	|021	|025	|	|
050	|008	|002	|	|
051	|028	|035	|	|
052	|008	|003	|	|
053	|035	|029	|	|
054	|031	|030	|	|
055	|014	|005	|	|
056	|035	|019	|	|
057	|032	|019	|	|
058	|024	|026	|	|
059	|007	|002	|	|
060	|005	|014	|	|
061	|017	|012	|	|
062	|019	|025	|	|
063	|020	|025	|	|
064	|030	|034	|	|
065	|031	|028	|	|
066	|022	|031	|	|
067	|026	|031	|	|
068	|014	|006	|	|
069	|009	|002	|	|
070	|021	|026	|	|
071	|019	|027	|	|
072	|014	|011	|	|
073	|010	|002	|	|
074	|034	|022	|	|
075	|003	|014	|	|
076	|013	|008	|	|
077	|021	|027	|	|
078	|013	|002	|	|
079	|025	|024	|	|
080	|003	|011	|	|
081	|023	|034	|	|
082	|022	|029	|	|
083	|025	|019	|	|
084	|026	|022	|	|
085	|036	|019	|	|
086	|004	|011	|	|
087	|019	|028	|	|
088	|014	|009	|	|
089	|003	|017	|	|
090	|009	|001	|	|
091	|018	|012	|	|
092	|027	|022	|	|
093	|011	|014	|	|
094	|013	|009	|	|
095	|019	|026	|	|
096	|033	|028	|	|
097	|020	|034	|	|
098	|033	|025	|	|
099	|020	|030	|	|
100	|005	|011	|	|
101	|025	|031	|	|
102	|018	|004	|	|
103	|026	|032	|	|
104	|012	|006	|	|
105	|008	|001	|	|
106	|001	|016	|	|
107	|016	|004	|	|
108	|034	|019	|	|
109	|032	|026	|	|
110	|005	|013	|	|
111	|034	|026	|	|
112	|001	|009	|	|
113	|026	|035	|	|
114	|010	|013	|	|
115	|004	|007	|	|
116	|016	|011	|	|
117	|001	|015	|	|
118	|006	|013	|	|
119	|010	|004	|	|
120	|006	|018	|	|
121	|036	|020	|	|
122	|004	|009	|	|
123	|011	|013	|	|
124	|020	|029	|	|
125	|036	|025	|	|
126	|019	|031	|	|
127	|004	|012	|	|
128	|024	|031	|	|
129	|029	|036	|	|
130	|001	|011	|	|
131	|035	|021	|	|
132	|029	|020	|	|
133	|034	|025	|	|
134	|022	|035	|	|
135	|027	|035	|	|
136	|028	|019	|	|
137	|026	|024	|	|
138	|022	|034	|	|
139	|027	|024	|	|
140	|007	|001	|	|
141	|014	|002	|	|
142	|003	|007	|	|
143	|012	|015	|	|
144	|032	|021	|	|
145	|023	|036	|	|
146	|011	|005	|	|
147	|027	|034	|	|
148	|022	|036	|	|
149	|025	|023	|	|
150	|030	|024	|	|
151	|029	|019	|	|
152	|003	|015	|	|
153	|002	|007	|	|
154	|010	|001	|	|
155	|023	|031	|	|
156	|006	|008	|	|
157	|010	|016	|	|
158	|025	|020	|	|
159	|018	|009	|	|
160	|008	|013	|	|
161	|033	|019	|	|
162	|033	|024	|	|
163	|033	|020	|	|
164	|012	|005	|	|
165	|002	|012	|	|
166	|033	|029	|	|
167	|011	|018	|	|
168	|009	|015	|	|
169	|010	|018	|	|
170	|036	|024	|	|
171	|030	|021	|	|
172	|012	|002	|	|
173	|022	|030	|	|
174	|008	|005	|	|
175	|034	|029	|	|
176	|013	|010	|	|
177	|024	|032	|	|
178	|006	|010	|	|
179	|020	|033	|	|
180	|011	|006	|	|
181	|002	|016	|	|
182	|004	|017	|	|
183	|036	|028	|	|
184	|011	|016	|	|
185	|035	|024	|	|
186	|035	|027	|	|
187	|012	|017	|	|
188	|027	|019	|	|
189	|011	|003	|	|
190	|010	|014	|	|
191	|019	|036	|	|
192	|023	|032	|	|
193	|008	|006	|	|
194	|005	|016	|	|
195	|036	|029	|	|
196	|027	|031	|	|
197	|005	|017	|	|
198	|002	|017	|	|
199	|002	|015	|	|
200	|024	|033	|	|
201	|023	|025	|	|
202	|025	|034	|	|
203	|003	|009	|	|
204	|003	|013	|	|
205	|007	|005	|	|
206	|016	|002	|	|
207	|018	|002	|	|
208	|034	|021	|	|
209	|009	|014	|	|
210	|030	|036	|	|
211	|036	|022	|	|
212	|018	|011	|	|
213	|020	|026	|	|
214	|014	|010	|	|
215	|014	|008	|	|
216	|016	|005	|	|
217	|019	|034	|	|
218	|028	|021	|	|
219	|022	|028	|	|
220	|013	|005	|	|
221	|009	|018	|	|
222	|025	|022	|	|
223	|007	|017	|	|
224	|009	|005	|	|
225	|029	|032	|	|
226	|016	|001	|	|
227	|009	|006	|	|
228	|034	|027	|	|
229	|028	|034	|	|
230	|014	|003	|	|
231	|019	|035	|	|
232	|019	|032	|	|
233	|024	|028	|	|
234	|006	|016	|	|
235	|007	|015	|	|
236	|007	|013	|	|
237	|004	|016	|	|
238	|030	|035	|	|
239	|033	|030	|	|
240	|018	|005	|	|
241	|030	|020	|	|
242	|023	|029	|	|
243	|015	|002	|	|
244	|026	|021	|	|
245	|020	|031	|	|
246	|021	|029	|	|
247	|016	|007	|	|
248	|004	|014	|	|
249	|017	|010	|	|
250	|017	|008	|	|
251	|006	|015	|	|
252	|015	|005	|	|
253	|032	|024	|	|
254	|016	|010	|	|
255	|010	|003	|	|
256	|013	|007	|	|
257	|026	|023	|	|
258	|033	|022	|	|
259	|002	|011	|	|
260	|029	|031	|	|
261	|035	|022	|	|
262	|005	|015	|	|
263	|003	|016	|	|
264	|030	|031	|	|
265	|036	|030	|	|
266	|015	|011	|	|
267	|006	|014	|	|
268	|018	|008	|	|
269	|021	|028	|	|
270	|017	|002	|	|
271	|008	|015	|	|
272	|018	|006	|	|
273	|028	|023	|	|
274	|019	|030	|	|
275	|005	|009	|	|
276	|001	|007	|	|
277	|007	|006	|	|
278	|020	|032	|	|
279	|032	|020	|	|
280	|034	|020	|	|
281	|004	|018	|	|
282	|007	|004	|	|
283	|007	|014	|	|
284	|005	|007	|	|
285	|023	|026	|	|
286	|032	|022	|	|
287	|035	|028	|	|
288	|017	|003	|	|
289	|005	|018	|	|
290	|006	|009	|	|
291	|023	|035	|	|
292	|016	|012	|	|
293	|001	|017	|	|
294	|029	|024	|	|
295	|012	|016	|	|
296	|009	|016	|	|
297	|001	|012	|	|
298	|036	|027	|	|
299	|002	|009	|	|
300	|025	|033	|	|
301	|001	|010	|	|
302	|014	|007	|	|
303	|005	|008	|	|
304	|004	|015	|	|
305	|011	|001	|	|
306	|031	|027	|	|
307	|033	|021	|	|
308	|010	|015	|	|
309	|030	|019	|	|
310	|035	|025	|	|
311	|001	|013	|	|
312	|019	|033	|	|
313	|009	|003	|	|
314	|015	|004	|	|
315	|011	|002	|	|
316	|024	|029	|	|
317	|029	|034	|	|
318	|005	|012	|	|
319	|007	|016	|	|
320	|003	|012	|	|
321	|031	|029	|	|
322	|021	|032	|	|
323	|029	|033	|	|
324	|017	|004	|	|
325	|031	|021	|	|
326	|032	|027	|	|
327	|026	|020	|	|
328	|010	|017	|	|
329	|021	|033	|	|
330	|003	|018	|	|
331	|016	|009	|	|
332	|032	|025	|	|
333	|030	|032	|	|
334	|009	|017	|	|
335	|026	|019	|	|
336	|029	|021	|	|
337	|013	|011	|	|
338	|032	|023	|	|
339	|010	|006	|	|
340	|012	|004	|	|
341	|035	|026	|	|
342	|028	|022	|	|
343	|008	|014	|	|
344	|024	|034	|	|
345	|004	|010	|	|
346	|013	|001	|	|
347	|036	|023	|	|
348	|017	|007	|	|
349	|012	|001	|	|
350	|002	|018	|	|
351	|006	|007	|	|
352	|033	|027	|	|
353	|008	|016	|	|
354	|028	|032	|	|
355	|030	|023	|	|
356	|002	|008	|	|
357	|029	|035	|	|
358	|034	|023	|	|
359	|035	|020	|	|
360	|003	|008	|	|
361	|022	|027	|	|
362	|033	|023	|	|
363	|014	|001	|	|
364	|012	|013	|	|
365	|036	|021	|	|
366	|031	|025	|	|
367	|031	|020	|	|
368	|016	|003	|	|
369	|012	|003	|	|
370	|015	|006	|	|
371	|024	|035	|	|
372	|011	|015	|	|
373	|013	|012	|	|
374	|028	|036	|	|
375	|006	|012	|	|
376	|012	|018	|	|
377	|006	|011	|	|
378	|023	|028	|	|
379	|001	|018	|	|
380	|018	|003	|	|
381	|016	|008	|	|
382	|015	|001	|	|
383	|020	|027	|	|
384	|023	|030	|	|
385	|022	|026	|	|
386	|021	|035	|	|
387	|009	|013	|	|
388	|013	|003	|	|
389	|018	|001	|	|
390	|015	|010	|	|
391	|032	|029	|	|
392	|006	|017	|	|
393	|020	|028	|	|
394	|015	|007	|	|
395	|013	|006	|	|
396	|011	|017	|	|
397	|031	|019	|	|
398	|017	|005	|	|
399	|026	|033	|	|
400	|027	|021	|	|
401	|024	|025	|	|
402	|016	|006	|	|
403	|028	|033	|	|
404	|025	|032	|	|
405	|025	|035	|	|
406	|002	|013	|	|
407	|004	|008	|	|
408	|017	|009	|	|
409	|015	|003	|	|
410	|021	|031	|	|
411	|008	|017	|	|
412	|035	|030	|	|
413	|021	|036	|	|
414	|022	|033	|	|
415	|007	|003	|	|
416	|031	|026	|	|
417	|005	|010	|	|
418	|020	|035	|	|
419	|012	|014	|	|
420	|001	|008	|	|
421	|035	|023	|	|
422	|032	|028	|	|
423	|008	|018	|	|
424	|017	|006	|	|
425	|022	|025	|	|
426	|024	|027	|	|
427	|015	|008	|	|
428	|013	|004	|	|
429	|015	|012	|	|
430	|007	|018	|	|
431	|027	|033	|	|
432	|024	|030	|	|