cnd#	|left	|right	|test1	|test2		totalconditions=432
001	|018	|011	|	|
002	|009	|006	|	|
003	|035	|023	|	|
004	|019	|030	|	|
005	|021	|034	|	|
006	|018	|003	|	|
007	|005	|011	|	|
008	|006	|017	|	|
009	|010	|018	|	|
010	|025	|020	|	|
011	|030	|031	|	|
012	|036	|028	|	|
013	|023	|032	|	|
014	|026	|036	|	|
015	|036	|023	|	|
016	|013	|008	|	|
017	|027	|023	|	|
018	|009	|014	|	|
019	|017	|003	|	|
020	|005	|010	|	|
021	|020	|026	|	|
022	|010	|001	|	|
023	|003	|016	|	|
024	|034	|029	|	|
025	|023	|028	|	|
026	|014	|010	|	|
027	|033	|030	|	|
028	|011	|002	|	|
029	|030	|033	|	|
030	|024	|035	|	|
031	|034	|019	|	|
032	|013	|005	|	|
033	|007	|018	|	|
034	|002	|009	|	|
035	|005	|018	|	|
036	|026	|022	|	|
037	|018	|004	|	|
038	|002	|016	|	|
039	|017	|009	|	|
040	|011	|016	|	|
041	|027	|021	|	|
042	|022	|032	|	|
043	|031	|027	|	|
044	|031	|020	|	|
045	|022	|026	|	|
046	|005	|009	|	|
047	|030	|034	|	|
048	|007	|005	|	|
049	|011	|003	|	|
050	|017	|001	|	|
051	|028	|019	|	|
052	|031	|022	|	|
053	|020	|028	|	|
054	|012	|016	|	|
055	|001	|017	|	|
056	|023	|036	|	|
057	|004	|007	|	|
058	|030	|036	|	|
059	|031	|028	|	|
060	|015	|011	|	|
061	|008	|001	|	|
062	|020	|030	|	|
063	|001	|011	|	|
064	|025	|024	|	|
065	|024	|031	|	|
066	|034	|021	|	|
067	|010	|014	|	|
068	|025	|035	|	|
069	|017	|006	|	|
070	|016	|011	|	|
071	|033	|025	|	|
072	|004	|013	|	|
073	|020	|035	|	|
074	|006	|015	|	|
075	|009	|013	|	|
076	|013	|004	|	|
077	|011	|006	|	|
078	|015	|008	|	|
079	|002	|010	|	|
080	|021	|029	|	|
081	|031	|029	|	|
082	|031	|024	|	|
083	|030	|023	|	|
084	|030	|032	|	|
085	|016	|008	|	|
086	|021	|025	|	|
087	|005	|014	|	|
088	|019	|036	|	|
089	|010	|006	|	|
090	|008	|013	|	|
091	|033	|027	|	|
092	|004	|011	|	|
093	|035	|022	|	|
094	|025	|022	|	|
095	|029	|035	|	|
096	|017	|002	|	|
097	|008	|018	|	|
098	|029	|036	|	|
099	|006	|013	|	|
100	|010	|002	|	|
101	|004	|010	|	|
102	|016	|001	|	|
103	|014	|007	|	|
104	|032	|030	|	|
105	|028	|021	|	|
106	|020	|032	|	|
107	|036	|019	|	|
108	|020	|025	|	|
109	|032	|028	|	|
110	|003	|014	|	|
111	|022	|034	|	|
112	|002	|011	|	|
113	|010	|004	|	|
114	|016	|005	|	|
115	|020	|027	|	|
116	|007	|016	|	|
117	|032	|024	|	|
118	|027	|019	|	|
119	|015	|010	|	|
120	|027	|034	|	|
121	|010	|015	|	|
122	|002	|008	|	|
123	|028	|022	|	|
124	|004	|016	|	|
125	|028	|033	|	|
126	|022	|025	|	|
127	|033	|029	|	|
128	|024	|036	|	|
129	|013	|007	|	|
130	|012	|004	|	|
131	|018	|002	|	|
132	|035	|021	|	|
133	|006	|010	|	|
134	|021	|028	|	|
135	|016	|003	|	|
136	|001	|018	|	|
137	|007	|001	|	|
138	|029	|023	|	|
139	|021	|035	|	|
140	|009	|018	|	|
141	|036	|021	|	|
142	|017	|007	|	|
143	|028	|031	|	|
144	|036	|026	|	|
145	|013	|010	|	|
146	|022	|036	|	|
147	|007	|003	|	|
148	|007	|014	|	|
149	|034	|028	|	|
150	|019	|027	|	|
151	|035	|020	|	|
152	|005	|016	|	|
153	|028	|035	|	|
154	|001	|010	|	|
155	|015	|006	|	|
156	|028	|023	|	|
157	|019	|026	|	|
158	|021	|031	|	|
159	|028	|024	|	|
160	|026	|035	|	|
161	|016	|002	|	|
162	|011	|014	|	|
163	|002	|015	|	|
164	|009	|002	|	|
165	|031	|025	|	|
166	|018	|012	|	|
167	|032	|019	|	|
168	|001	|009	|	|
169	|022	|029	|	|
170	|006	|018	|	|
171	|026	|023	|	|
172	|011	|017	|	|
173	|005	|007	|	|
174	|027	|033	|	|
175	|011	|004	|	|
176	|034	|022	|	|
177	|019	|034	|	|
178	|013	|012	|	|
179	|036	|030	|	|
180	|013	|006	|	|
181	|002	|012	|	|
182	|027	|022	|	|
183	|015	|002	|	|
184	|014	|008	|	|
185	|035	|025	|	|
186	|021	|026	|	|
187	|003	|013	|	|
188	|033	|024	|	|
189	|008	|016	|	|
190	|026	|032	|	|
191	|010	|003	|	|
192	|020	|033	|	|
193	|034	|025	|	|
194	|015	|009	|	|
195	|025	|034	|	|
196	|008	|014	|	|
197	|014	|006	|	|
198	|031	|021	|	|
199	|009	|005	|	|
200	|028	|020	|	|
201	|005	|008	|	|
202	|023	|031	|	|
203	|023	|029	|	|
204	|001	|013	|	|
205	|006	|007	|	|
206	|033	|021	|	|
207	|001	|015	|	|
208	|026	|033	|	|
209	|013	|003	|	|
210	|008	|004	|	|
211	|027	|024	|	|
212	|034	|030	|	|
213	|010	|013	|	|
214	|024	|028	|	|
215	|016	|010	|	|
216	|024	|033	|	|
217	|020	|036	|	|
218	|029	|032	|	|
219	|011	|005	|	|
220	|025	|019	|	|
221	|015	|005	|	|
222	|003	|009	|	|
223	|036	|022	|	|
224	|013	|009	|	|
225	|010	|016	|	|
226	|022	|028	|	|
227	|034	|026	|	|
228	|005	|013	|	|
229	|008	|017	|	|
230	|024	|032	|	|
231	|014	|003	|	|
232	|035	|019	|	|
233	|002	|007	|	|
234	|026	|021	|	|
235	|007	|004	|	|
236	|023	|026	|	|
237	|028	|034	|	|
238	|017	|008	|	|
239	|033	|028	|	|
240	|004	|015	|	|
241	|023	|033	|	|
242	|014	|005	|	|
243	|023	|030	|	|
244	|027	|031	|	|
245	|035	|024	|	|
246	|030	|021	|	|
247	|008	|005	|	|
248	|004	|009	|	|
249	|035	|027	|	|
250	|003	|018	|	|
251	|018	|008	|	|
252	|009	|015	|	|
253	|002	|014	|	|
254	|001	|008	|	|
255	|013	|002	|	|
256	|031	|019	|	|
257	|029	|019	|	|
258	|022	|027	|	|
259	|015	|012	|	|
260	|012	|014	|	|
261	|022	|031	|	|
262	|029	|031	|	|
263	|012	|005	|	|
264	|036	|029	|	|
265	|009	|016	|	|
266	|002	|013	|	|
267	|004	|012	|	|
268	|026	|020	|	|
269	|019	|031	|	|
270	|035	|029	|	|
271	|014	|004	|	|
272	|016	|009	|	|
273	|028	|032	|	|
274	|009	|001	|	|
275	|034	|023	|	|
276	|021	|030	|	|
277	|012	|013	|	|
278	|021	|032	|	|
279	|024	|027	|	|
280	|017	|005	|	|
281	|032	|027	|	|
282	|014	|011	|	|
283	|029	|033	|	|
284	|012	|006	|	|
285	|003	|010	|	|
286	|004	|018	|	|
287	|029	|020	|	|
288	|034	|024	|	|
289	|023	|034	|	|
290	|002	|018	|	|
291	|029	|022	|	|
292	|025	|032	|	|
293	|014	|001	|	|
294	|019	|028	|	|
295	|033	|023	|	|
296	|003	|012	|	|
297	|032	|025	|	|
298	|009	|003	|	|
299	|014	|009	|	|
300	|007	|013	|	|
301	|029	|021	|	|
302	|004	|014	|	|
303	|018	|001	|	|
304	|032	|021	|	|
305	|011	|013	|	|
306	|018	|009	|	|
307	|005	|012	|	|
308	|029	|034	|	|
309	|024	|026	|	|
310	|010	|005	|	|
311	|019	|035	|	|
312	|035	|028	|	|
313	|036	|020	|	|
314	|003	|011	|	|
315	|036	|025	|	|
316	|025	|036	|	|
317	|021	|036	|	|
318	|005	|015	|	|
319	|007	|002	|	|
320	|011	|018	|	|
321	|021	|027	|	|
322	|013	|001	|	|
323	|027	|020	|	|
324	|014	|012	|	|
325	|015	|001	|	|
326	|004	|008	|	|
327	|012	|002	|	|
328	|012	|017	|	|
329	|002	|017	|	|
330	|019	|029	|	|
331	|034	|027	|	|
332	|027	|035	|	|
333	|032	|023	|	|
334	|019	|033	|	|
335	|018	|010	|	|
336	|025	|021	|	|
337	|018	|007	|	|
338	|028	|036	|	|
339	|006	|011	|	|
340	|004	|017	|	|
341	|008	|002	|	|
342	|016	|004	|	|
343	|007	|017	|	|
344	|019	|032	|	|
345	|030	|024	|	|
346	|032	|022	|	|
347	|022	|030	|	|
348	|032	|026	|	|
349	|012	|003	|	|
350	|025	|023	|	|
351	|030	|035	|	|
352	|033	|026	|	|
353	|024	|025	|	|
354	|024	|034	|	|
355	|003	|007	|	|
356	|015	|004	|	|
357	|003	|017	|	|
358	|034	|020	|	|
359	|012	|015	|	|
360	|013	|011	|	|
361	|011	|001	|	|
362	|035	|030	|	|
363	|017	|010	|	|
364	|001	|012	|	|
365	|023	|027	|	|
366	|015	|003	|	|
367	|001	|014	|	|
368	|025	|033	|	|
369	|012	|018	|	|
370	|026	|019	|	|
371	|020	|034	|	|
372	|031	|023	|	|
373	|003	|015	|	|
374	|031	|026	|	|
375	|017	|004	|	|
376	|022	|035	|	|
377	|010	|017	|	|
378	|032	|020	|	|
379	|015	|007	|	|
380	|027	|032	|	|
381	|006	|012	|	|
382	|023	|025	|	|
383	|007	|006	|	|
384	|030	|022	|	|
385	|009	|017	|	|
386	|018	|005	|	|
387	|032	|029	|	|
388	|001	|016	|	|
389	|006	|009	|	|
390	|021	|033	|	|
391	|024	|029	|	|
392	|017	|011	|	|
393	|025	|031	|	|
394	|026	|024	|	|
395	|009	|004	|	|
396	|033	|020	|	|
397	|007	|015	|	|
398	|016	|006	|	|
399	|016	|007	|	|
400	|035	|026	|	|
401	|027	|036	|	|
402	|030	|019	|	|
403	|036	|024	|	|
404	|008	|003	|	|
405	|024	|030	|	|
406	|006	|016	|	|
407	|006	|008	|	|
408	|020	|031	|	|
409	|022	|033	|	|
410	|026	|034	|	|
411	|019	|025	|	|
412	|001	|007	|	|
413	|017	|012	|	|
414	|005	|017	|	|
415	|033	|019	|	|
416	|031	|030	|	|
417	|011	|015	|	|
418	|008	|006	|	|
419	|029	|024	|	|
420	|014	|002	|	|
421	|033	|022	|	|
422	|003	|008	|	|
423	|012	|001	|	|
424	|016	|012	|	|
425	|030	|020	|	|
426	|008	|015	|	|
427	|026	|031	|	|
428	|020	|029	|	|
429	|023	|035	|	|
430	|006	|014	|	|
431	|036	|027	|	|
432	|018	|006	|	|