cnd#	|left	|right	|test1	|test2		totalconditions=432
001	|020	|034	|	|
002	|007	|003	|	|
003	|032	|020	|	|
004	|003	|012	|	|
005	|034	|025	|	|
006	|012	|013	|	|
007	|015	|009	|	|
008	|021	|027	|	|
009	|030	|035	|	|
010	|027	|019	|	|
011	|001	|017	|	|
012	|017	|002	|	|
013	|007	|017	|	|
014	|034	|021	|	|
015	|016	|003	|	|
016	|001	|013	|	|
017	|012	|004	|	|
018	|022	|029	|	|
019	|028	|036	|	|
020	|015	|010	|	|
021	|023	|032	|	|
022	|033	|029	|	|
023	|027	|022	|	|
024	|006	|012	|	|
025	|026	|021	|	|
026	|002	|015	|	|
027	|026	|032	|	|
028	|015	|005	|	|
029	|007	|014	|	|
030	|015	|007	|	|
031	|033	|025	|	|
032	|002	|010	|	|
033	|020	|033	|	|
034	|035	|022	|	|
035	|007	|006	|	|
036	|023	|030	|	|
037	|011	|018	|	|
038	|019	|032	|	|
039	|005	|010	|	|
040	|005	|014	|	|
041	|036	|026	|	|
042	|009	|001	|	|
043	|028	|021	|	|
044	|015	|012	|	|
045	|025	|036	|	|
046	|018	|001	|	|
047	|031	|020	|	|
048	|022	|025	|	|
049	|033	|020	|	|
050	|017	|012	|	|
051	|012	|015	|	|
052	|023	|025	|	|
053	|022	|033	|	|
054	|006	|008	|	|
055	|025	|034	|	|
056	|007	|004	|	|
057	|025	|020	|	|
058	|032	|029	|	|
059	|013	|006	|	|
060	|006	|018	|	|
061	|021	|035	|	|
062	|019	|030	|	|
063	|017	|010	|	|
064	|006	|011	|	|
065	|026	|031	|	|
066	|030	|019	|	|
067	|036	|027	|	|
068	|031	|022	|	|
069	|010	|001	|	|
070	|005	|015	|	|
071	|011	|013	|	|
072	|017	|006	|	|
073	|015	|006	|	|
074	|025	|019	|	|
075	|031	|024	|	|
076	|010	|005	|	|
077	|004	|012	|	|
078	|007	|015	|	|
079	|002	|014	|	|
080	|014	|007	|	|
081	|023	|027	|	|
082	|023	|036	|	|
083	|034	|028	|	|
084	|030	|032	|	|
085	|030	|034	|	|
086	|012	|006	|	|
087	|021	|026	|	|
088	|015	|011	|	|
089	|033	|021	|	|
090	|003	|009	|	|
091	|017	|004	|	|
092	|023	|034	|	|
093	|012	|018	|	|
094	|031	|030	|	|
095	|027	|021	|	|
096	|005	|013	|	|
097	|034	|030	|	|
098	|021	|033	|	|
099	|004	|010	|	|
100	|008	|018	|	|
101	|027	|031	|	|
102	|003	|017	|	|
103	|016	|001	|	|
104	|019	|028	|	|
105	|013	|010	|	|
106	|026	|022	|	|
107	|031	|023	|	|
108	|007	|005	|	|
109	|001	|008	|	|
110	|030	|022	|	|
111	|022	|036	|	|
112	|012	|016	|	|
113	|010	|003	|	|
114	|014	|011	|	|
115	|001	|016	|	|
116	|021	|028	|	|
117	|032	|030	|	|
118	|036	|021	|	|
119	|030	|036	|	|
120	|013	|002	|	|
121	|014	|005	|	|
122	|020	|030	|	|
123	|034	|020	|	|
124	|002	|007	|	|
125	|020	|035	|	|
126	|008	|017	|	|
127	|009	|005	|	|
128	|016	|009	|	|
129	|030	|031	|	|
130	|035	|030	|	|
131	|026	|024	|	|
132	|006	|016	|	|
133	|036	|025	|	|
134	|011	|016	|	|
135	|020	|029	|	|
136	|032	|019	|	|
137	|029	|019	|	|
138	|009	|004	|	|
139	|018	|011	|	|
140	|006	|007	|	|
141	|004	|016	|	|
142	|029	|035	|	|
143	|014	|002	|	|
144	|020	|032	|	|
145	|001	|007	|	|
146	|006	|013	|	|
147	|026	|020	|	|
148	|035	|024	|	|
149	|019	|026	|	|
150	|023	|033	|	|
151	|008	|014	|	|
152	|030	|033	|	|
153	|010	|004	|	|
154	|016	|010	|	|
155	|014	|004	|	|
156	|033	|026	|	|
157	|012	|014	|	|
158	|022	|034	|	|
159	|017	|005	|	|
160	|031	|026	|	|
161	|011	|001	|	|
162	|005	|012	|	|
163	|003	|018	|	|
164	|027	|036	|	|
165	|024	|026	|	|
166	|017	|008	|	|
167	|028	|020	|	|
168	|034	|023	|	|
169	|011	|004	|	|
170	|025	|024	|	|
171	|012	|017	|	|
172	|003	|015	|	|
173	|019	|027	|	|
174	|032	|021	|	|
175	|018	|012	|	|
176	|034	|027	|	|
177	|003	|010	|	|
178	|028	|033	|	|
179	|014	|001	|	|
180	|023	|035	|	|
181	|005	|009	|	|
182	|026	|035	|	|
183	|035	|020	|	|
184	|021	|036	|	|
185	|020	|026	|	|
186	|002	|018	|	|
187	|025	|023	|	|
188	|036	|028	|	|
189	|010	|015	|	|
190	|018	|007	|	|
191	|012	|003	|	|
192	|016	|006	|	|
193	|021	|029	|	|
194	|025	|033	|	|
195	|033	|027	|	|
196	|024	|031	|	|
197	|036	|019	|	|
198	|018	|009	|	|
199	|005	|007	|	|
200	|027	|024	|	|
201	|006	|014	|	|
202	|009	|017	|	|
203	|014	|006	|	|
204	|008	|002	|	|
205	|001	|012	|	|
206	|034	|029	|	|
207	|009	|013	|	|
208	|014	|008	|	|
209	|005	|016	|	|
210	|029	|021	|	|
211	|023	|031	|	|
212	|035	|021	|	|
213	|029	|034	|	|
214	|013	|004	|	|
215	|023	|026	|	|
216	|009	|006	|	|
217	|023	|028	|	|
218	|020	|031	|	|
219	|027	|034	|	|
220	|013	|001	|	|
221	|002	|013	|	|
222	|011	|014	|	|
223	|025	|022	|	|
224	|002	|011	|	|
225	|035	|028	|	|
226	|011	|002	|	|
227	|018	|008	|	|
228	|036	|022	|	|
229	|036	|029	|	|
230	|023	|029	|	|
231	|026	|034	|	|
232	|004	|011	|	|
233	|029	|023	|	|
234	|008	|004	|	|
235	|016	|005	|	|
236	|013	|008	|	|
237	|034	|024	|	|
238	|024	|035	|	|
239	|009	|015	|	|
240	|003	|014	|	|
241	|003	|013	|	|
242	|022	|030	|	|
243	|033	|028	|	|
244	|034	|019	|	|
245	|029	|031	|	|
246	|026	|023	|	|
247	|009	|016	|	|
248	|024	|032	|	|
249	|015	|002	|	|
250	|017	|009	|	|
251	|004	|008	|	|
252	|008	|006	|	|
253	|008	|015	|	|
254	|019	|025	|	|
255	|008	|005	|	|
256	|028	|032	|	|
257	|031	|028	|	|
258	|002	|008	|	|
259	|017	|011	|	|
260	|017	|003	|	|
261	|034	|022	|	|
262	|001	|015	|	|
263	|019	|035	|	|
264	|030	|020	|	|
265	|016	|007	|	|
266	|033	|030	|	|
267	|004	|015	|	|
268	|028	|035	|	|
269	|019	|036	|	|
270	|008	|013	|	|
271	|005	|008	|	|
272	|012	|005	|	|
273	|027	|020	|	|
274	|021	|030	|	|
275	|031	|021	|	|
276	|018	|006	|	|
277	|013	|012	|	|
278	|013	|005	|	|
279	|026	|036	|	|
280	|033	|019	|	|
281	|007	|016	|	|
282	|031	|029	|	|
283	|004	|017	|	|
284	|025	|021	|	|
285	|009	|003	|	|
286	|004	|009	|	|
287	|024	|029	|	|
288	|022	|031	|	|
289	|020	|027	|	|
290	|032	|028	|	|
291	|016	|004	|	|
292	|021	|032	|	|
293	|011	|003	|	|
294	|010	|014	|	|
295	|005	|011	|	|
296	|016	|011	|	|
297	|004	|014	|	|
298	|025	|032	|	|
299	|029	|022	|	|
300	|036	|024	|	|
301	|021	|025	|	|
302	|029	|024	|	|
303	|032	|025	|	|
304	|018	|005	|	|
305	|031	|019	|	|
306	|010	|002	|	|
307	|022	|035	|	|
308	|003	|016	|	|
309	|013	|007	|	|
310	|010	|016	|	|
311	|026	|033	|	|
312	|003	|008	|	|
313	|019	|034	|	|
314	|035	|027	|	|
315	|030	|023	|	|
316	|004	|007	|	|
317	|032	|022	|	|
318	|015	|008	|	|
319	|028	|031	|	|
320	|020	|028	|	|
321	|015	|003	|	|
322	|011	|015	|	|
323	|002	|017	|	|
324	|009	|002	|	|
325	|035	|019	|	|
326	|029	|033	|	|
327	|017	|001	|	|
328	|028	|024	|	|
329	|019	|033	|	|
330	|032	|026	|	|
331	|005	|017	|	|
332	|022	|026	|	|
333	|009	|018	|	|
334	|001	|010	|	|
335	|010	|006	|	|
336	|018	|010	|	|
337	|004	|013	|	|
338	|033	|024	|	|
339	|012	|002	|	|
340	|017	|007	|	|
341	|006	|009	|	|
342	|022	|028	|	|
343	|010	|018	|	|
344	|021	|034	|	|
345	|027	|033	|	|
346	|018	|002	|	|
347	|027	|023	|	|
348	|031	|027	|	|
349	|030	|021	|	|
350	|008	|001	|	|
351	|001	|011	|	|
352	|024	|025	|	|
353	|001	|018	|	|
354	|032	|027	|	|
355	|033	|022	|	|
356	|007	|013	|	|
357	|021	|031	|	|
358	|025	|031	|	|
359	|013	|009	|	|
360	|014	|003	|	|
361	|034	|026	|	|
362	|024	|036	|	|
363	|003	|011	|	|
364	|007	|002	|	|
365	|014	|012	|	|
366	|032	|023	|	|
367	|016	|002	|	|
368	|010	|017	|	|
369	|004	|018	|	|
370	|025	|035	|	|
371	|028	|023	|	|
372	|024	|027	|	|
373	|036	|023	|	|
374	|002	|012	|	|
375	|008	|016	|	|
376	|018	|004	|	|
377	|026	|019	|	|
378	|019	|031	|	|
379	|011	|005	|	|
380	|022	|027	|	|
381	|035	|029	|	|
382	|029	|032	|	|
383	|014	|010	|	|
384	|002	|016	|	|
385	|001	|009	|	|
386	|014	|009	|	|
387	|005	|018	|	|
388	|011	|006	|	|
389	|031	|025	|	|
390	|029	|020	|	|
391	|022	|032	|	|
392	|032	|024	|	|
393	|027	|032	|	|
394	|020	|025	|	|
395	|015	|001	|	|
396	|009	|014	|	|
397	|024	|034	|	|
398	|010	|013	|	|
399	|007	|001	|	|
400	|024	|030	|	|
401	|030	|024	|	|
402	|029	|036	|	|
403	|035	|023	|	|
404	|006	|015	|	|
405	|016	|008	|	|
406	|013	|003	|	|
407	|035	|026	|	|
408	|006	|010	|	|
409	|001	|014	|	|
410	|036	|020	|	|
411	|008	|003	|	|
412	|024	|033	|	|
413	|019	|029	|	|
414	|013	|011	|	|
415	|028	|034	|	|
416	|015	|004	|	|
417	|035	|025	|	|
418	|003	|007	|	|
419	|007	|018	|	|
420	|028	|022	|	|
421	|012	|001	|	|
422	|016	|012	|	|
423	|028	|019	|	|
424	|011	|017	|	|
425	|020	|036	|	|
426	|033	|023	|	|
427	|006	|017	|	|
428	|027	|035	|	|
429	|024	|028	|	|
430	|002	|009	|	|
431	|036	|030	|	|
432	|018	|003	|	|