cnd#	|left	|right	|test1	|test2		totalconditions=368
001	|007	|012	|	|
002	|023	|025	|	|
003	|001	|008	|	|
004	|018	|014	|	|
005	|013	|011	|	|
006	|017	|008	|	|
007	|011	|004	|	|
008	|016	|001	|	|
009	|018	|007	|	|
010	|012	|020	|	|
011	|006	|016	|	|
012	|019	|008	|	|
013	|024	|021	|	|
014	|027	|024	|	|
015	|017	|002	|	|
016	|001	|009	|	|
017	|002	|016	|	|
018	|007	|001	|	|
019	|015	|007	|	|
020	|001	|020	|	|
021	|014	|007	|	|
022	|018	|012	|	|
023	|002	|017	|	|
024	|009	|013	|	|
025	|008	|018	|	|
026	|020	|016	|	|
027	|003	|020	|	|
028	|004	|012	|	|
029	|018	|009	|	|
030	|016	|019	|	|
031	|002	|018	|	|
032	|005	|010	|	|
033	|007	|011	|	|
034	|012	|004	|	|
035	|008	|001	|	|
036	|027	|023	|	|
037	|026	|027	|	|
038	|005	|002	|	|
039	|002	|009	|	|
040	|005	|012	|	|
041	|011	|020	|	|
042	|019	|009	|	|
043	|026	|023	|	|
044	|007	|017	|	|
045	|006	|003	|	|
046	|003	|008	|	|
047	|005	|013	|	|
048	|003	|009	|	|
049	|013	|003	|	|
050	|011	|003	|	|
051	|007	|009	|	|
052	|022	|026	|	|
053	|007	|019	|	|
054	|002	|010	|	|
055	|007	|010	|	|
056	|003	|006	|	|
057	|007	|020	|	|
058	|019	|005	|	|
059	|008	|002	|	|
060	|015	|020	|	|
061	|004	|020	|	|
062	|012	|016	|	|
063	|009	|019	|	|
064	|010	|001	|	|
065	|013	|019	|	|
066	|012	|007	|	|
067	|009	|003	|	|
068	|008	|003	|	|
069	|009	|006	|	|
070	|012	|006	|	|
071	|016	|009	|	|
072	|025	|027	|	|
073	|028	|022	|	|
074	|017	|001	|	|
075	|013	|009	|	|
076	|019	|007	|	|
077	|026	|024	|	|
078	|016	|003	|	|
079	|008	|016	|	|
080	|006	|009	|	|
081	|027	|021	|	|
082	|008	|004	|	|
083	|004	|014	|	|
084	|004	|011	|	|
085	|028	|024	|	|
086	|008	|017	|	|
087	|012	|003	|	|
088	|008	|011	|	|
089	|022	|025	|	|
090	|019	|006	|	|
091	|016	|017	|	|
092	|015	|012	|	|
093	|024	|027	|	|
094	|018	|004	|	|
095	|014	|006	|	|
096	|004	|017	|	|
097	|003	|016	|	|
098	|025	|024	|	|
099	|005	|004	|	|
100	|011	|015	|	|
101	|020	|005	|	|
102	|018	|002	|	|
103	|008	|012	|	|
104	|013	|010	|	|
105	|014	|004	|	|
106	|009	|007	|	|
107	|016	|011	|	|
108	|006	|010	|	|
109	|024	|028	|	|
110	|006	|015	|	|
111	|018	|001	|	|
112	|001	|016	|	|
113	|011	|005	|	|
114	|005	|015	|	|
115	|001	|006	|	|
116	|005	|003	|	|
117	|010	|006	|	|
118	|020	|006	|	|
119	|010	|015	|	|
120	|022	|027	|	|
121	|028	|021	|	|
122	|009	|002	|	|
123	|007	|002	|	|
124	|008	|010	|	|
125	|014	|019	|	|
126	|008	|009	|	|
127	|011	|006	|	|
128	|013	|005	|	|
129	|003	|011	|	|
130	|010	|014	|	|
131	|020	|003	|	|
132	|002	|006	|	|
133	|001	|005	|	|
134	|028	|023	|	|
135	|021	|027	|	|
136	|017	|004	|	|
137	|010	|004	|	|
138	|019	|012	|	|
139	|021	|025	|	|
140	|015	|010	|	|
141	|010	|018	|	|
142	|004	|005	|	|
143	|004	|010	|	|
144	|004	|006	|	|
145	|016	|005	|	|
146	|016	|018	|	|
147	|024	|022	|	|
148	|009	|020	|	|
149	|017	|013	|	|
150	|017	|006	|	|
151	|015	|019	|	|
152	|004	|015	|	|
153	|014	|017	|	|
154	|006	|014	|	|
155	|001	|019	|	|
156	|009	|008	|	|
157	|013	|007	|	|
158	|009	|017	|	|
159	|009	|015	|	|
160	|005	|011	|	|
161	|019	|013	|	|
162	|020	|009	|	|
163	|022	|024	|	|
164	|013	|008	|	|
165	|014	|012	|	|
166	|016	|002	|	|
167	|010	|017	|	|
168	|007	|013	|	|
169	|011	|001	|	|
170	|011	|002	|	|
171	|006	|018	|	|
172	|005	|018	|	|
173	|006	|001	|	|
174	|014	|003	|	|
175	|015	|006	|	|
176	|018	|003	|	|
177	|006	|019	|	|
178	|010	|016	|	|
179	|022	|023	|	|
180	|011	|014	|	|
181	|012	|002	|	|
182	|025	|022	|	|
183	|004	|019	|	|
184	|002	|012	|	|
185	|006	|012	|	|
186	|026	|028	|	|
187	|015	|003	|	|
188	|028	|025	|	|
189	|020	|015	|	|
190	|012	|014	|	|
191	|013	|004	|	|
192	|001	|012	|	|
193	|020	|008	|	|
194	|017	|016	|	|
195	|010	|007	|	|
196	|005	|009	|	|
197	|007	|016	|	|
198	|019	|001	|	|
199	|018	|008	|	|
200	|012	|018	|	|
201	|013	|006	|	|
202	|002	|011	|	|
203	|004	|016	|	|
204	|020	|013	|	|
205	|008	|015	|	|
206	|001	|018	|	|
207	|027	|025	|	|
208	|009	|001	|	|
209	|010	|019	|	|
210	|016	|008	|	|
211	|017	|015	|	|
212	|014	|002	|	|
213	|003	|014	|	|
214	|020	|012	|	|
215	|020	|014	|	|
216	|010	|013	|	|
217	|004	|008	|	|
218	|020	|010	|	|
219	|001	|011	|	|
220	|005	|016	|	|
221	|015	|018	|	|
222	|002	|007	|	|
223	|006	|020	|	|
224	|019	|010	|	|
225	|017	|014	|	|
226	|009	|018	|	|
227	|009	|004	|	|
228	|025	|023	|	|
229	|019	|004	|	|
230	|017	|007	|	|
231	|015	|009	|	|
232	|007	|018	|	|
233	|015	|004	|	|
234	|016	|020	|	|
235	|003	|010	|	|
236	|004	|018	|	|
237	|014	|011	|	|
238	|015	|017	|	|
239	|011	|007	|	|
240	|013	|017	|	|
241	|003	|012	|	|
242	|006	|002	|	|
243	|007	|014	|	|
244	|017	|005	|	|
245	|020	|004	|	|
246	|012	|008	|	|
247	|001	|010	|	|
248	|014	|009	|	|
249	|025	|021	|	|
250	|006	|017	|	|
251	|019	|016	|	|
252	|012	|019	|	|
253	|020	|007	|	|
254	|012	|001	|	|
255	|003	|005	|	|
256	|018	|015	|	|
257	|009	|014	|	|
258	|004	|007	|	|
259	|010	|005	|	|
260	|001	|017	|	|
261	|023	|022	|	|
262	|005	|019	|	|
263	|007	|004	|	|
264	|012	|015	|	|
265	|008	|014	|	|
266	|024	|025	|	|
267	|008	|020	|	|
268	|001	|014	|	|
269	|014	|010	|	|
270	|021	|023	|	|
271	|003	|007	|	|
272	|007	|015	|	|
273	|017	|003	|	|
274	|016	|004	|	|
275	|022	|028	|	|
276	|024	|026	|	|
277	|001	|013	|	|
278	|016	|007	|	|
279	|002	|015	|	|
280	|003	|017	|	|
281	|003	|015	|	|
282	|011	|018	|	|
283	|002	|008	|	|
284	|010	|020	|	|
285	|011	|019	|	|
286	|017	|011	|	|
287	|001	|007	|	|
288	|013	|002	|	|
289	|003	|013	|	|
290	|020	|011	|	|
291	|014	|005	|	|
292	|005	|020	|	|
293	|010	|002	|	|
294	|011	|017	|	|
295	|011	|016	|	|
296	|020	|002	|	|
297	|026	|021	|	|
298	|014	|008	|	|
299	|006	|013	|	|
300	|023	|028	|	|
301	|004	|013	|	|
302	|027	|026	|	|
303	|007	|003	|	|
304	|002	|005	|	|
305	|001	|015	|	|
306	|005	|001	|	|
307	|023	|021	|	|
308	|018	|016	|	|
309	|005	|014	|	|
310	|015	|001	|	|
311	|004	|009	|	|
312	|014	|001	|	|
313	|006	|011	|	|
314	|002	|019	|	|
315	|002	|014	|	|
316	|017	|010	|	|
317	|018	|010	|	|
318	|018	|005	|	|
319	|013	|001	|	|
320	|017	|012	|	|
321	|014	|020	|	|
322	|014	|018	|	|
323	|012	|005	|	|
324	|025	|028	|	|
325	|010	|008	|	|
326	|016	|006	|	|
327	|023	|026	|	|
328	|015	|002	|	|
329	|015	|008	|	|
330	|003	|019	|	|
331	|010	|003	|	|
332	|019	|002	|	|
333	|021	|028	|	|
334	|002	|013	|	|
335	|008	|013	|	|
336	|012	|013	|	|
337	|027	|022	|	|
338	|019	|003	|	|
339	|028	|026	|	|
340	|017	|009	|	|
341	|008	|019	|	|
342	|013	|020	|	|
343	|023	|027	|	|
344	|013	|012	|	|
345	|016	|012	|	|
346	|013	|018	|	|
347	|006	|004	|	|
348	|026	|022	|	|
349	|011	|013	|	|
350	|018	|013	|	|
351	|019	|011	|	|
352	|002	|020	|	|
353	|019	|015	|	|
354	|015	|005	|	|
355	|012	|017	|	|
356	|011	|008	|	|
357	|016	|010	|	|
358	|005	|017	|	|
359	|003	|018	|	|
360	|021	|026	|	|
361	|009	|016	|	|
362	|019	|014	|	|
363	|018	|006	|	|
364	|009	|005	|	|
365	|020	|001	|	|
366	|018	|011	|	|
367	|021	|024	|	|
368	|015	|011	|	|