cnd#	|left	|right	|test1	|test2		totalconditions=300
001	|001	|011	|	|
002	|001	|012	|	|
003	|001	|013	|	|
004	|001	|014	|	|
005	|001	|015	|	|
006	|001	|021	|	|
007	|001	|022	|	|
008	|001	|023	|	|
009	|001	|024	|	|
010	|001	|025	|	|
011	|001	|031	|	|
012	|001	|032	|	|
013	|001	|033	|	|
014	|001	|034	|	|
015	|001	|035	|	|
016	|002	|011	|	|
017	|002	|012	|	|
018	|002	|013	|	|
019	|002	|014	|	|
020	|002	|015	|	|
021	|002	|021	|	|
022	|002	|022	|	|
023	|002	|023	|	|
024	|002	|024	|	|
025	|002	|025	|	|
026	|002	|031	|	|
027	|002	|032	|	|
028	|002	|033	|	|
029	|002	|034	|	|
030	|002	|035	|	|
031	|003	|011	|	|
032	|003	|012	|	|
033	|003	|013	|	|
034	|003	|014	|	|
035	|003	|015	|	|
036	|003	|021	|	|
037	|003	|022	|	|
038	|003	|023	|	|
039	|003	|024	|	|
040	|003	|025	|	|
041	|003	|031	|	|
042	|003	|032	|	|
043	|003	|033	|	|
044	|003	|034	|	|
045	|003	|035	|	|
046	|004	|011	|	|
047	|004	|012	|	|
048	|004	|013	|	|
049	|004	|014	|	|
050	|004	|015	|	|
051	|004	|021	|	|
052	|004	|022	|	|
053	|004	|023	|	|
054	|004	|024	|	|
055	|004	|025	|	|
056	|004	|031	|	|
057	|004	|032	|	|
058	|004	|033	|	|
059	|004	|034	|	|
060	|004	|035	|	|
061	|005	|011	|	|
062	|005	|012	|	|
063	|005	|013	|	|
064	|005	|014	|	|
065	|005	|015	|	|
066	|005	|021	|	|
067	|005	|022	|	|
068	|005	|023	|	|
069	|005	|024	|	|
070	|005	|025	|	|
071	|005	|031	|	|
072	|005	|032	|	|
073	|005	|033	|	|
074	|005	|034	|	|
075	|005	|035	|	|
076	|011	|001	|	|
077	|011	|002	|	|
078	|011	|003	|	|
079	|011	|004	|	|
080	|011	|005	|	|
081	|011	|021	|	|
082	|011	|022	|	|
083	|011	|023	|	|
084	|011	|024	|	|
085	|011	|025	|	|
086	|011	|031	|	|
087	|011	|032	|	|
088	|011	|033	|	|
089	|011	|034	|	|
090	|011	|035	|	|
091	|012	|001	|	|
092	|012	|002	|	|
093	|012	|003	|	|
094	|012	|004	|	|
095	|012	|005	|	|
096	|012	|021	|	|
097	|012	|022	|	|
098	|012	|023	|	|
099	|012	|024	|	|
100	|012	|025	|	|
101	|012	|031	|	|
102	|012	|032	|	|
103	|012	|033	|	|
104	|012	|034	|	|
105	|012	|035	|	|
106	|013	|001	|	|
107	|013	|002	|	|
108	|013	|003	|	|
109	|013	|004	|	|
110	|013	|005	|	|
111	|013	|021	|	|
112	|013	|022	|	|
113	|013	|023	|	|
114	|013	|024	|	|
115	|013	|025	|	|
116	|013	|031	|	|
117	|013	|032	|	|
118	|013	|033	|	|
119	|013	|034	|	|
120	|013	|035	|	|
121	|014	|001	|	|
122	|014	|002	|	|
123	|014	|003	|	|
124	|014	|004	|	|
125	|014	|005	|	|
126	|014	|021	|	|
127	|014	|022	|	|
128	|014	|023	|	|
129	|014	|024	|	|
130	|014	|025	|	|
131	|014	|031	|	|
132	|014	|032	|	|
133	|014	|033	|	|
134	|014	|034	|	|
135	|014	|035	|	|
136	|015	|001	|	|
137	|015	|002	|	|
138	|015	|003	|	|
139	|015	|004	|	|
140	|015	|005	|	|
141	|015	|021	|	|
142	|015	|022	|	|
143	|015	|023	|	|
144	|015	|024	|	|
145	|015	|025	|	|
146	|015	|031	|	|
147	|015	|032	|	|
148	|015	|033	|	|
149	|015	|034	|	|
150	|015	|035	|	|
151	|021	|001	|	|
152	|021	|002	|	|
153	|021	|003	|	|
154	|021	|004	|	|
155	|021	|005	|	|
156	|021	|011	|	|
157	|021	|012	|	|
158	|021	|013	|	|
159	|021	|014	|	|
160	|021	|015	|	|
161	|021	|031	|	|
162	|021	|032	|	|
163	|021	|033	|	|
164	|021	|034	|	|
165	|021	|035	|	|
166	|022	|001	|	|
167	|022	|002	|	|
168	|022	|003	|	|
169	|022	|004	|	|
170	|022	|005	|	|
171	|022	|011	|	|
172	|022	|012	|	|
173	|022	|013	|	|
174	|022	|014	|	|
175	|022	|015	|	|
176	|022	|031	|	|
177	|022	|032	|	|
178	|022	|033	|	|
179	|022	|034	|	|
180	|022	|035	|	|
181	|023	|001	|	|
182	|023	|002	|	|
183	|023	|003	|	|
184	|023	|004	|	|
185	|023	|005	|	|
186	|023	|011	|	|
187	|023	|012	|	|
188	|023	|013	|	|
189	|023	|014	|	|
190	|023	|015	|	|
191	|023	|031	|	|
192	|023	|032	|	|
193	|023	|033	|	|
194	|023	|034	|	|
195	|023	|035	|	|
196	|024	|001	|	|
197	|024	|002	|	|
198	|024	|003	|	|
199	|024	|004	|	|
200	|024	|005	|	|
201	|024	|011	|	|
202	|024	|012	|	|
203	|024	|013	|	|
204	|024	|014	|	|
205	|024	|015	|	|
206	|024	|031	|	|
207	|024	|032	|	|
208	|024	|033	|	|
209	|024	|034	|	|
210	|024	|035	|	|
211	|025	|001	|	|
212	|025	|002	|	|
213	|025	|003	|	|
214	|025	|004	|	|
215	|025	|005	|	|
216	|025	|011	|	|
217	|025	|012	|	|
218	|025	|013	|	|
219	|025	|014	|	|
220	|025	|015	|	|
221	|025	|031	|	|
222	|025	|032	|	|
223	|025	|033	|	|
224	|025	|034	|	|
225	|025	|035	|	|
226	|031	|001	|	|
227	|031	|002	|	|
228	|031	|003	|	|
229	|031	|004	|	|
230	|031	|005	|	|
231	|031	|011	|	|
232	|031	|012	|	|
233	|031	|013	|	|
234	|031	|014	|	|
235	|031	|015	|	|
236	|031	|021	|	|
237	|031	|022	|	|
238	|031	|023	|	|
239	|031	|024	|	|
240	|031	|025	|	|
241	|032	|001	|	|
242	|032	|002	|	|
243	|032	|003	|	|
244	|032	|004	|	|
245	|032	|005	|	|
246	|032	|011	|	|
247	|032	|012	|	|
248	|032	|013	|	|
249	|032	|014	|	|
250	|032	|015	|	|
251	|032	|021	|	|
252	|032	|022	|	|
253	|032	|023	|	|
254	|032	|024	|	|
255	|032	|025	|	|
256	|033	|001	|	|
257	|033	|002	|	|
258	|033	|003	|	|
259	|033	|004	|	|
260	|033	|005	|	|
261	|033	|011	|	|
262	|033	|012	|	|
263	|033	|013	|	|
264	|033	|014	|	|
265	|033	|015	|	|
266	|033	|021	|	|
267	|033	|022	|	|
268	|033	|023	|	|
269	|033	|024	|	|
270	|033	|025	|	|
271	|034	|001	|	|
272	|034	|002	|	|
273	|034	|003	|	|
274	|034	|004	|	|
275	|034	|005	|	|
276	|034	|011	|	|
277	|034	|012	|	|
278	|034	|013	|	|
279	|034	|014	|	|
280	|034	|015	|	|
281	|034	|021	|	|
282	|034	|022	|	|
283	|034	|023	|	|
284	|034	|024	|	|
285	|034	|025	|	|
286	|035	|001	|	|
287	|035	|002	|	|
288	|035	|003	|	|
289	|035	|004	|	|
290	|035	|005	|	|
291	|035	|011	|	|
292	|035	|012	|	|
293	|035	|013	|	|
294	|035	|014	|	|
295	|035	|015	|	|
296	|035	|021	|	|
297	|035	|022	|	|
298	|035	|023	|	|
299	|035	|024	|	|
300	|035	|025	|	|