cnd#	|left	|right	|test1	|test2		totalconditions=000

001	|001	|011	|	|
002	|001	|012	|	|
003	|001	|013	|	|
004	|001	|014	|	|
005	|001	|015	|	|
006	|001	|021	|	|
007	|001	|022	|	|
008	|001	|023	|	|
009	|001	|024	|	|
010	|001	|025	|	|
011	|001	|031	|	|
012	|001	|032	|	|
013	|001	|033	|	|
014	|001	|034	|	|
015	|001	|035	|	|
016	|002	|011	|	|
017	|002	|012	|	|
018	|002	|013	|	|
019	|002	|014	|	|
020	|002	|015	|	|
021	|002	|021	|	|
022	|002	|022	|	|
023	|002	|023	|	|
024	|002	|024	|	|
025	|002	|025	|	|
026	|002	|031	|	|
027	|002	|032	|	|
028	|002	|033	|	|
029	|002	|034	|	|
030	|002	|035	|	|
031	|003	|011	|	|
032	|003	|012	|	|
033	|003	|013	|	|
034	|003	|014	|	|
035	|003	|015	|	|
036	|003	|021	|	|
037	|003	|022	|	|
038	|003	|023	|	|
039	|003	|024	|	|
040	|003	|025	|	|
041	|003	|031	|	|
042	|003	|032	|	|
043	|003	|033	|	|
044	|003	|034	|	|
045	|003	|035	|	|
046	|004	|011	|	|
047	|004	|012	|	|
048	|004	|013	|	|
049	|004	|014	|	|
050	|004	|015	|	|
051	|004	|021	|	|
052	|004	|022	|	|
053	|004	|023	|	|
054	|004	|024	|	|
055	|004	|025	|	|
056	|004	|031	|	|
057	|004	|032	|	|
058	|004	|033	|	|
059	|004	|034	|	|
060	|004	|035	|	|
061	|005	|011	|	|
062	|005	|012	|	|
063	|005	|013	|	|
064	|005	|014	|	|
065	|005	|015	|	|
066	|005	|021	|	|
067	|005	|022	|	|
068	|005	|023	|	|
069	|005	|024	|	|
070	|005	|025	|	|
071	|005	|031	|	|
072	|005	|032	|	|
073	|005	|033	|	|
074	|005	|034	|	|
075	|005	|035	|	|
076	|011	|001	|	|
077	|011	|002	|	|
078	|011	|003	|	|
079	|011	|004	|	|
080	|011	|005	|	|
081	|011	|011	|	|
082	|011	|012	|	|
083	|011	|013	|	|
084	|011	|014	|	|
085	|011	|015	|	|
086	|012	|001	|	|
087	|012	|002	|	|
088	|012	|003	|	|
089	|012	|004	|	|
090	|012	|005	|	|
091	|012	|011	|	|
092	|012	|012	|	|
093	|012	|013	|	|
094	|012	|014	|	|
095	|012	|015	|	|
096	|013	|001	|	|
097	|013	|002	|	|
098	|013	|003	|	|
099	|013	|004	|	|
100	|013	|005	|	|
101	|013	|011	|	|
102	|013	|012	|	|
103	|013	|013	|	|
104	|013	|014	|	|
105	|013	|015	|	|
106	|014	|001	|	|
107	|014	|002	|	|
108	|014	|003	|	|
109	|014	|004	|	|
110	|014	|005	|	|
111	|014	|011	|	|
112	|014	|012	|	|
113	|014	|013	|	|
114	|014	|014	|	|
115	|014	|015	|	|
116	|015	|001	|	|
117	|015	|002	|	|
118	|015	|003	|	|
119	|015	|004	|	|
120	|015	|005	|	|
121	|015	|011	|	|
122	|015	|012	|	|
123	|015	|013	|	|
124	|015	|014	|	|
125	|015	|015	|	|
126	|021	|001	|	|
127	|021	|002	|	|
128	|021	|003	|	|
129	|021	|004	|	|
130	|021	|005	|	|
131	|021	|011	|	|
132	|021	|012	|	|
133	|021	|013	|	|
134	|021	|014	|	|
135	|021	|015	|	|
136	|022	|001	|	|
137	|022	|002	|	|
138	|022	|003	|	|
139	|022	|004	|	|
140	|022	|005	|	|
141	|022	|011	|	|
142	|022	|012	|	|
143	|022	|013	|	|
144	|022	|014	|	|
145	|022	|015	|	|
146	|023	|001	|	|
147	|023	|002	|	|
148	|023	|003	|	|
149	|023	|004	|	|
150	|023	|005	|	|
151	|023	|011	|	|
152	|023	|012	|	|
153	|023	|013	|	|
154	|023	|014	|	|
155	|023	|015	|	|
156	|024	|001	|	|
157	|024	|002	|	|
158	|024	|003	|	|
159	|024	|004	|	|
160	|024	|005	|	|
161	|024	|011	|	|
162	|024	|012	|	|
163	|024	|013	|	|
164	|024	|014	|	|
165	|024	|015	|	|
166	|025	|001	|	|
167	|025	|002	|	|
168	|025	|003	|	|
169	|025	|004	|	|
170	|025	|005	|	|
171	|025	|011	|	|
172	|025	|012	|	|
173	|025	|013	|	|
174	|025	|014	|	|
175	|025	|015	|	|
176	|031	|001	|	|
177	|031	|002	|	|
178	|031	|003	|	|
179	|031	|004	|	|
180	|031	|005	|	|
181	|032	|001	|	|
182	|032	|002	|	|
183	|032	|003	|	|
184	|032	|004	|	|
185	|032	|005	|	|
186	|033	|001	|	|
187	|033	|002	|	|
188	|033	|003	|	|
189	|033	|004	|	|
190	|033	|005	|	|
191	|034	|001	|	|
192	|034	|002	|	|
193	|034	|003	|	|
194	|034	|004	|	|
195	|034	|005	|	|
196	|035	|001	|	|
197	|035	|002	|	|
198	|035	|003	|	|
199	|035	|004	|	|
200	|035	|005	|	|cnd#	|left	|right	|test1	|test2		totalconditions=000

001	|001	|011	|	|
002	|001	|012	|	|
003	|001	|013	|	|
004	|001	|014	|	|
005	|001	|015	|	|
006	|001	|021	|	|
007	|001	|022	|	|
008	|001	|023	|	|
009	|001	|024	|	|
010	|001	|025	|	|
011	|001	|031	|	|
012	|001	|032	|	|
013	|001	|033	|	|
014	|001	|034	|	|
015	|001	|035	|	|
016	|002	|011	|	|
017	|002	|012	|	|
018	|002	|013	|	|
019	|002	|014	|	|
020	|002	|015	|	|
021	|002	|021	|	|
022	|002	|022	|	|
023	|002	|023	|	|
024	|002	|024	|	|
025	|002	|025	|	|
026	|002	|031	|	|
027	|002	|032	|	|
028	|002	|033	|	|
029	|002	|034	|	|
030	|002	|035	|	|
031	|003	|011	|	|
032	|003	|012	|	|
033	|003	|013	|	|
034	|003	|014	|	|
035	|003	|015	|	|
036	|003	|021	|	|
037	|003	|022	|	|
038	|003	|023	|	|
039	|003	|024	|	|
040	|003	|025	|	|
041	|003	|031	|	|
042	|003	|032	|	|
043	|003	|033	|	|
044	|003	|034	|	|
045	|003	|035	|	|
046	|004	|011	|	|
047	|004	|012	|	|
048	|004	|013	|	|
049	|004	|014	|	|
050	|004	|015	|	|
051	|004	|021	|	|
052	|004	|022	|	|
053	|004	|023	|	|
054	|004	|024	|	|
055	|004	|025	|	|
056	|004	|031	|	|
057	|004	|032	|	|
058	|004	|033	|	|
059	|004	|034	|	|
060	|004	|035	|	|
061	|005	|011	|	|
062	|005	|012	|	|
063	|005	|013	|	|
064	|005	|014	|	|
065	|005	|015	|	|
066	|005	|021	|	|
067	|005	|022	|	|
068	|005	|023	|	|
069	|005	|024	|	|
070	|005	|025	|	|
071	|005	|031	|	|
072	|005	|032	|	|
073	|005	|033	|	|
074	|005	|034	|	|
075	|005	|035	|	|
076	|011	|001	|	|
077	|011	|002	|	|
078	|011	|003	|	|
079	|011	|004	|	|
080	|011	|005	|	|
081	|011	|011	|	|
082	|011	|012	|	|
083	|011	|013	|	|
084	|011	|014	|	|
085	|011	|015	|	|
086	|012	|001	|	|
087	|012	|002	|	|
088	|012	|003	|	|
089	|012	|004	|	|
090	|012	|005	|	|
091	|012	|011	|	|
092	|012	|012	|	|
093	|012	|013	|	|
094	|012	|014	|	|
095	|012	|015	|	|
096	|013	|001	|	|
097	|013	|002	|	|
098	|013	|003	|	|
099	|013	|004	|	|
100	|013	|005	|	|
101	|013	|011	|	|
102	|013	|012	|	|
103	|013	|013	|	|
104	|013	|014	|	|
105	|013	|015	|	|
106	|014	|001	|	|
107	|014	|002	|	|
108	|014	|003	|	|
109	|014	|004	|	|
110	|014	|005	|	|
111	|014	|011	|	|
112	|014	|012	|	|
113	|014	|013	|	|
114	|014	|014	|	|
115	|014	|015	|	|
116	|015	|001	|	|
117	|015	|002	|	|
118	|015	|003	|	|
119	|015	|004	|	|
120	|015	|005	|	|
121	|015	|011	|	|
122	|015	|012	|	|
123	|015	|013	|	|
124	|015	|014	|	|
125	|015	|015	|	|
126	|021	|001	|	|
127	|021	|002	|	|
128	|021	|003	|	|
129	|021	|004	|	|
130	|021	|005	|	|
131	|021	|011	|	|
132	|021	|012	|	|
133	|021	|013	|	|
134	|021	|014	|	|
135	|021	|015	|	|
136	|022	|001	|	|
137	|022	|002	|	|
138	|022	|003	|	|
139	|022	|004	|	|
140	|022	|005	|	|
141	|022	|011	|	|
142	|022	|012	|	|
143	|022	|013	|	|
144	|022	|014	|	|
145	|022	|015	|	|
146	|023	|001	|	|
147	|023	|002	|	|
148	|023	|003	|	|
149	|023	|004	|	|
150	|023	|005	|	|
151	|023	|011	|	|
152	|023	|012	|	|
153	|023	|013	|	|
154	|023	|014	|	|
155	|023	|015	|	|
156	|024	|001	|	|
157	|024	|002	|	|
158	|024	|003	|	|
159	|024	|004	|	|
160	|024	|005	|	|
161	|024	|011	|	|
162	|024	|012	|	|
163	|024	|013	|	|
164	|024	|014	|	|
165	|024	|015	|	|
166	|025	|001	|	|
167	|025	|002	|	|
168	|025	|003	|	|
169	|025	|004	|	|
170	|025	|005	|	|
171	|025	|011	|	|
172	|025	|012	|	|
173	|025	|013	|	|
174	|025	|014	|	|
175	|025	|015	|	|
176	|031	|001	|	|
177	|031	|002	|	|
178	|031	|003	|	|
179	|031	|004	|	|
180	|031	|005	|	|
181	|032	|001	|	|
182	|032	|002	|	|
183	|032	|003	|	|
184	|032	|004	|	|
185	|032	|005	|	|
186	|033	|001	|	|
187	|033	|002	|	|
188	|033	|003	|	|
189	|033	|004	|	|
190	|033	|005	|	|
191	|034	|001	|	|
192	|034	|002	|	|
193	|034	|003	|	|
194	|034	|004	|	|
195	|034	|005	|	|
196	|035	|001	|	|
197	|035	|002	|	|
198	|035	|003	|	|
199	|035	|004	|	|
200	|035	|005	|	|