cnd#	|left	|right	|test1	|test2		totalconditions=108
001	|021	|011	|	|
002	|011	|002	|	|
003	|012	|001	|	|
004	|021	|012	|	|
005	|032	|021	|	|
006	|012	|033	|	|
007	|012	|021	|	|
008	|002	|033	|	|
009	|013	|021	|	|
010	|021	|003	|	|
011	|031	|023	|	|
012	|022	|031	|	|
013	|033	|013	|	|
014	|023	|011	|	|
015	|022	|013	|	|
016	|032	|023	|	|
017	|031	|011	|	|
018	|001	|032	|	|
019	|021	|001	|	|
020	|022	|012	|	|
021	|012	|002	|	|
022	|001	|022	|	|
023	|001	|011	|	|
024	|001	|031	|	|
025	|033	|011	|	|
026	|012	|022	|	|
027	|033	|021	|	|
028	|021	|031	|	|
029	|031	|002	|	|
030	|021	|013	|	|
031	|033	|001	|	|
032	|022	|032	|	|
033	|002	|032	|	|
034	|033	|022	|	|
035	|023	|003	|	|
036	|013	|002	|	|
037	|032	|022	|	|
038	|023	|032	|	|
039	|011	|031	|	|
040	|023	|033	|	|
041	|023	|013	|	|
042	|002	|011	|	|
043	|013	|003	|	|
044	|022	|002	|	|
045	|031	|021	|	|
046	|023	|002	|	|
047	|002	|022	|	|
048	|013	|001	|	|
049	|012	|023	|	|
050	|021	|002	|	|
051	|011	|021	|	|
052	|003	|013	|	|
053	|021	|033	|	|
054	|001	|013	|	|
055	|001	|033	|	|
056	|002	|021	|	|
057	|001	|012	|	|
058	|032	|012	|	|
059	|002	|023	|	|
060	|003	|022	|	|
061	|003	|031	|	|
062	|021	|032	|	|
063	|002	|013	|	|
064	|022	|033	|	|
065	|011	|003	|	|
066	|011	|023	|	|
067	|011	|032	|	|
068	|022	|011	|	|
069	|022	|003	|	|
070	|022	|001	|	|
071	|001	|023	|	|
072	|001	|021	|	|
073	|003	|012	|	|
074	|012	|032	|	|
075	|032	|003	|	|
076	|023	|031	|	|
077	|011	|022	|	|
078	|033	|023	|	|
079	|031	|013	|	|
080	|033	|012	|	|
081	|011	|001	|	|
082	|003	|033	|	|
083	|003	|011	|	|
084	|032	|011	|	|
085	|013	|031	|	|
086	|031	|001	|	|
087	|032	|013	|	|
088	|032	|001	|	|
089	|013	|023	|	|
090	|013	|033	|	|
091	|012	|003	|	|
092	|002	|031	|	|
093	|013	|032	|	|
094	|031	|003	|	|
095	|013	|022	|	|
096	|023	|001	|	|
097	|033	|003	|	|
098	|011	|033	|	|
099	|031	|022	|	|
100	|032	|002	|	|
101	|012	|031	|	|
102	|003	|021	|	|
103	|003	|023	|	|
104	|003	|032	|	|
105	|033	|002	|	|
106	|002	|012	|	|
107	|023	|012	|	|
108	|031	|012	|	|