cnd#	|left	|right	|test1	|test2		totalconditions=300
001	|014	|022	|	|
002	|032	|004	|	|
003	|032	|022	|	|
004	|011	|033	|	|
005	|022	|032	|	|
006	|023	|035	|	|
007	|035	|002	|	|
008	|014	|035	|	|
009	|025	|033	|	|
010	|033	|015	|	|
011	|013	|033	|	|
012	|002	|021	|	|
013	|012	|022	|	|
014	|011	|002	|	|
015	|001	|015	|	|
016	|012	|033	|	|
017	|015	|022	|	|
018	|012	|002	|	|
019	|033	|025	|	|
020	|031	|025	|	|
021	|004	|021	|	|
022	|002	|013	|	|
023	|013	|023	|	|
024	|004	|031	|	|
025	|022	|004	|	|
026	|014	|002	|	|
027	|022	|031	|	|
028	|015	|031	|	|
029	|004	|023	|	|
030	|003	|031	|	|
031	|023	|001	|	|
032	|035	|015	|	|
033	|003	|032	|	|
034	|034	|014	|	|
035	|033	|005	|	|
036	|012	|021	|	|
037	|005	|031	|	|
038	|031	|004	|	|
039	|025	|005	|	|
040	|012	|032	|	|
041	|022	|001	|	|
042	|011	|005	|	|
043	|012	|003	|	|
044	|022	|011	|	|
045	|035	|004	|	|
046	|005	|021	|	|
047	|003	|011	|	|
048	|022	|012	|	|
049	|002	|035	|	|
050	|013	|034	|	|
051	|012	|023	|	|
052	|022	|002	|	|
053	|025	|002	|	|
054	|032	|023	|	|
055	|032	|003	|	|
056	|024	|035	|	|
057	|013	|022	|	|
058	|023	|014	|	|
059	|021	|002	|	|
060	|033	|021	|	|
061	|023	|031	|	|
062	|005	|012	|	|
063	|002	|011	|	|
064	|001	|014	|	|
065	|034	|002	|	|
066	|013	|024	|	|
067	|015	|034	|	|
068	|033	|024	|	|
069	|012	|005	|	|
070	|034	|021	|	|
071	|015	|025	|	|
072	|023	|033	|	|
073	|015	|032	|	|
074	|011	|022	|	|
075	|034	|005	|	|
076	|005	|032	|	|
077	|034	|013	|	|
078	|025	|032	|	|
079	|035	|013	|	|
080	|014	|025	|	|
081	|002	|033	|	|
082	|021	|012	|	|
083	|003	|012	|	|
084	|023	|034	|	|
085	|024	|032	|	|
086	|015	|002	|	|
087	|031	|021	|	|
088	|021	|035	|	|
089	|024	|033	|	|
090	|003	|024	|	|
091	|001	|023	|	|
092	|004	|011	|	|
093	|004	|035	|	|
094	|032	|015	|	|
095	|032	|024	|	|
096	|021	|032	|	|
097	|021	|034	|	|
098	|034	|024	|	|
099	|035	|003	|	|
100	|034	|022	|	|
101	|013	|002	|	|
102	|001	|025	|	|
103	|014	|024	|	|
104	|005	|024	|	|
105	|013	|003	|	|
106	|014	|001	|	|
107	|002	|022	|	|
108	|033	|022	|	|
109	|024	|011	|	|
110	|031	|022	|	|
111	|024	|005	|	|
112	|003	|034	|	|
113	|022	|015	|	|
114	|004	|013	|	|
115	|001	|032	|	|
116	|032	|011	|	|
117	|022	|033	|	|
118	|032	|012	|	|
119	|031	|024	|	|
120	|015	|021	|	|
121	|011	|031	|	|
122	|001	|012	|	|
123	|011	|034	|	|
124	|025	|014	|	|
125	|014	|004	|	|
126	|035	|001	|	|
127	|023	|032	|	|
128	|011	|003	|	|
129	|005	|022	|	|
130	|021	|013	|	|
131	|035	|022	|	|
132	|002	|032	|	|
133	|032	|002	|	|
134	|013	|035	|	|
135	|021	|033	|	|
136	|032	|013	|	|
137	|025	|015	|	|
138	|022	|035	|	|
139	|021	|003	|	|
140	|003	|023	|	|
141	|035	|011	|	|
142	|013	|005	|	|
143	|023	|004	|	|
144	|011	|025	|	|
145	|005	|015	|	|
146	|014	|031	|	|
147	|024	|003	|	|
148	|031	|005	|	|
149	|004	|022	|	|
150	|021	|031	|	|
151	|002	|034	|	|
152	|024	|013	|	|
153	|032	|021	|	|
154	|015	|035	|	|
155	|012	|035	|	|
156	|031	|003	|	|
157	|011	|035	|	|
158	|022	|003	|	|
159	|013	|001	|	|
160	|002	|025	|	|
161	|012	|024	|	|
162	|032	|014	|	|
163	|034	|011	|	|
164	|004	|032	|	|
165	|024	|002	|	|
166	|024	|004	|	|
167	|023	|011	|	|
168	|035	|024	|	|
169	|023	|005	|	|
170	|002	|014	|	|
171	|035	|012	|	|
172	|034	|015	|	|
173	|004	|033	|	|
174	|013	|025	|	|
175	|014	|034	|	|
176	|025	|013	|	|
177	|014	|021	|	|
178	|001	|024	|	|
179	|003	|022	|	|
180	|003	|035	|	|
181	|033	|001	|	|
182	|021	|005	|	|
183	|005	|023	|	|
184	|002	|012	|	|
185	|005	|011	|	|
186	|015	|005	|	|
187	|033	|014	|	|
188	|003	|014	|	|
189	|034	|004	|	|
190	|031	|015	|	|
191	|021	|004	|	|
192	|012	|001	|	|
193	|001	|021	|	|
194	|014	|032	|	|
195	|023	|012	|	|
196	|011	|021	|	|
197	|001	|034	|	|
198	|033	|023	|	|
199	|023	|013	|	|
200	|014	|023	|	|
201	|032	|005	|	|
202	|012	|004	|	|
203	|005	|034	|	|
204	|014	|005	|	|
205	|005	|013	|	|
206	|033	|011	|	|
207	|023	|003	|	|
208	|015	|024	|	|
209	|013	|031	|	|
210	|021	|011	|	|
211	|024	|015	|	|
212	|012	|034	|	|
213	|031	|012	|	|
214	|022	|014	|	|
215	|004	|034	|	|
216	|001	|022	|	|
217	|015	|004	|	|
218	|001	|013	|	|
219	|005	|014	|	|
220	|001	|033	|	|
221	|033	|002	|	|
222	|025	|031	|	|
223	|033	|013	|	|
224	|002	|023	|	|
225	|034	|012	|	|
226	|004	|012	|	|
227	|024	|034	|	|
228	|022	|013	|	|
229	|004	|014	|	|
230	|025	|004	|	|
231	|004	|024	|	|
232	|011	|004	|	|
233	|003	|033	|	|
234	|031	|011	|	|
235	|032	|025	|	|
236	|024	|014	|	|
237	|013	|021	|	|
238	|003	|025	|	|
239	|005	|035	|	|
240	|033	|012	|	|
241	|003	|013	|	|
242	|031	|014	|	|
243	|012	|031	|	|
244	|003	|021	|	|
245	|031	|001	|	|
246	|022	|034	|	|
247	|015	|001	|	|
248	|024	|031	|	|
249	|021	|014	|	|
250	|023	|015	|	|
251	|014	|033	|	|
252	|033	|003	|	|
253	|023	|002	|	|
254	|001	|031	|	|
255	|014	|003	|	|
256	|011	|001	|	|
257	|015	|003	|	|
258	|035	|021	|	|
259	|005	|025	|	|
260	|025	|001	|	|
261	|031	|023	|	|
262	|011	|024	|	|
263	|011	|023	|	|
264	|002	|015	|	|
265	|033	|004	|	|
266	|025	|011	|	|
267	|002	|024	|	|
268	|032	|001	|	|
269	|012	|025	|	|
270	|035	|025	|	|
271	|031	|013	|	|
272	|035	|014	|	|
273	|001	|011	|	|
274	|015	|033	|	|
275	|013	|004	|	|
276	|021	|001	|	|
277	|004	|025	|	|
278	|035	|023	|	|
279	|022	|005	|	|
280	|024	|001	|	|
281	|025	|012	|	|
282	|021	|015	|	|
283	|005	|033	|	|
284	|013	|032	|	|
285	|034	|025	|	|
286	|025	|034	|	|
287	|025	|003	|	|
288	|011	|032	|	|
289	|001	|035	|	|
290	|003	|015	|	|
291	|034	|023	|	|
292	|034	|001	|	|
293	|034	|003	|	|
294	|024	|012	|	|
295	|031	|002	|	|
296	|035	|005	|	|
297	|002	|031	|	|
298	|004	|015	|	|
299	|025	|035	|	|
300	|015	|023	|	|