cnd#	|left	|right	|test1	|test2		totalconditions=300
001	|003	|024	|	|
002	|033	|021	|	|
003	|031	|001	|	|
004	|005	|023	|	|
005	|003	|011	|	|
006	|031	|023	|	|
007	|011	|033	|	|
008	|032	|004	|	|
009	|005	|021	|	|
010	|015	|022	|	|
011	|015	|024	|	|
012	|023	|011	|	|
013	|021	|001	|	|
014	|021	|015	|	|
015	|031	|004	|	|
016	|015	|002	|	|
017	|025	|032	|	|
018	|001	|012	|	|
019	|002	|015	|	|
020	|034	|013	|	|
021	|033	|012	|	|
022	|004	|013	|	|
023	|022	|034	|	|
024	|025	|035	|	|
025	|001	|023	|	|
026	|031	|012	|	|
027	|021	|034	|	|
028	|022	|031	|	|
029	|035	|024	|	|
030	|005	|014	|	|
031	|001	|033	|	|
032	|001	|032	|	|
033	|034	|005	|	|
034	|012	|002	|	|
035	|014	|032	|	|
036	|021	|035	|	|
037	|031	|002	|	|
038	|024	|001	|	|
039	|011	|002	|	|
040	|011	|022	|	|
041	|025	|031	|	|
042	|024	|004	|	|
043	|003	|014	|	|
044	|012	|001	|	|
045	|011	|005	|	|
046	|012	|003	|	|
047	|012	|035	|	|
048	|005	|025	|	|
049	|021	|005	|	|
050	|023	|035	|	|
051	|031	|015	|	|
052	|033	|004	|	|
053	|004	|033	|	|
054	|032	|001	|	|
055	|033	|001	|	|
056	|001	|021	|	|
057	|015	|021	|	|
058	|022	|005	|	|
059	|022	|012	|	|
060	|023	|012	|	|
061	|014	|031	|	|
062	|034	|022	|	|
063	|025	|033	|	|
064	|012	|004	|	|
065	|011	|032	|	|
066	|015	|034	|	|
067	|035	|002	|	|
068	|034	|011	|	|
069	|013	|005	|	|
070	|022	|001	|	|
071	|002	|024	|	|
072	|033	|022	|	|
073	|001	|035	|	|
074	|003	|012	|	|
075	|015	|031	|	|
076	|004	|031	|	|
077	|002	|035	|	|
078	|023	|005	|	|
079	|025	|012	|	|
080	|033	|024	|	|
081	|001	|031	|	|
082	|005	|015	|	|
083	|031	|013	|	|
084	|035	|015	|	|
085	|012	|024	|	|
086	|014	|001	|	|
087	|032	|003	|	|
088	|015	|032	|	|
089	|014	|003	|	|
090	|003	|032	|	|
091	|004	|011	|	|
092	|013	|032	|	|
093	|021	|004	|	|
094	|013	|022	|	|
095	|013	|031	|	|
096	|004	|023	|	|
097	|011	|003	|	|
098	|012	|021	|	|
099	|035	|014	|	|
100	|035	|003	|	|
101	|021	|002	|	|
102	|005	|034	|	|
103	|035	|023	|	|
104	|013	|033	|	|
105	|012	|032	|	|
106	|003	|025	|	|
107	|014	|033	|	|
108	|033	|014	|	|
109	|033	|025	|	|
110	|035	|004	|	|
111	|013	|004	|	|
112	|003	|022	|	|
113	|002	|012	|	|
114	|002	|014	|	|
115	|034	|001	|	|
116	|023	|004	|	|
117	|002	|031	|	|
118	|024	|033	|	|
119	|031	|014	|	|
120	|022	|033	|	|
121	|035	|011	|	|
122	|023	|013	|	|
123	|024	|003	|	|
124	|013	|035	|	|
125	|014	|035	|	|
126	|001	|013	|	|
127	|023	|032	|	|
128	|012	|034	|	|
129	|033	|003	|	|
130	|001	|025	|	|
131	|025	|011	|	|
132	|012	|031	|	|
133	|032	|013	|	|
134	|022	|003	|	|
135	|023	|002	|	|
136	|014	|021	|	|
137	|035	|001	|	|
138	|025	|005	|	|
139	|004	|034	|	|
140	|023	|015	|	|
141	|032	|021	|	|
142	|035	|005	|	|
143	|031	|022	|	|
144	|003	|023	|	|
145	|011	|035	|	|
146	|032	|015	|	|
147	|021	|033	|	|
148	|003	|031	|	|
149	|024	|014	|	|
150	|001	|022	|	|
151	|001	|014	|	|
152	|005	|012	|	|
153	|033	|011	|	|
154	|014	|005	|	|
155	|013	|003	|	|
156	|004	|021	|	|
157	|013	|002	|	|
158	|024	|032	|	|
159	|033	|013	|	|
160	|004	|024	|	|
161	|025	|034	|	|
162	|032	|005	|	|
163	|003	|013	|	|
164	|013	|023	|	|
165	|022	|014	|	|
166	|005	|024	|	|
167	|013	|024	|	|
168	|002	|022	|	|
169	|013	|034	|	|
170	|014	|022	|	|
171	|003	|035	|	|
172	|034	|003	|	|
173	|015	|023	|	|
174	|031	|011	|	|
175	|024	|015	|	|
176	|032	|023	|	|
177	|005	|031	|	|
178	|023	|003	|	|
179	|012	|022	|	|
180	|034	|015	|	|
181	|024	|013	|	|
182	|014	|034	|	|
183	|021	|011	|	|
184	|031	|003	|	|
185	|005	|013	|	|
186	|002	|021	|	|
187	|014	|023	|	|
188	|015	|005	|	|
189	|024	|011	|	|
190	|005	|032	|	|
191	|024	|005	|	|
192	|035	|012	|	|
193	|004	|014	|	|
194	|034	|012	|	|
195	|023	|031	|	|
196	|033	|005	|	|
197	|021	|012	|	|
198	|023	|001	|	|
199	|012	|033	|	|
200	|031	|005	|	|
201	|024	|002	|	|
202	|011	|024	|	|
203	|025	|003	|	|
204	|015	|004	|	|
205	|001	|011	|	|
206	|014	|002	|	|
207	|031	|024	|	|
208	|003	|033	|	|
209	|033	|002	|	|
210	|005	|011	|	|
211	|015	|025	|	|
212	|002	|034	|	|
213	|032	|025	|	|
214	|032	|014	|	|
215	|012	|025	|	|
216	|022	|011	|	|
217	|025	|004	|	|
218	|034	|023	|	|
219	|031	|021	|	|
220	|025	|002	|	|
221	|034	|014	|	|
222	|005	|033	|	|
223	|034	|024	|	|
224	|021	|031	|	|
225	|023	|034	|	|
226	|011	|023	|	|
227	|032	|012	|	|
228	|011	|025	|	|
229	|001	|015	|	|
230	|022	|002	|	|
231	|035	|025	|	|
232	|011	|001	|	|
233	|032	|024	|	|
234	|001	|024	|	|
235	|002	|025	|	|
236	|011	|021	|	|
237	|034	|021	|	|
238	|015	|035	|	|
239	|034	|002	|	|
240	|014	|024	|	|
241	|032	|002	|	|
242	|034	|004	|	|
243	|004	|032	|	|
244	|022	|004	|	|
245	|011	|034	|	|
246	|002	|033	|	|
247	|023	|033	|	|
248	|022	|013	|	|
249	|005	|022	|	|
250	|012	|023	|	|
251	|003	|015	|	|
252	|033	|015	|	|
253	|021	|032	|	|
254	|013	|021	|	|
255	|021	|013	|	|
256	|004	|035	|	|
257	|023	|014	|	|
258	|033	|023	|	|
259	|014	|025	|	|
260	|031	|025	|	|
261	|034	|025	|	|
262	|025	|013	|	|
263	|025	|001	|	|
264	|021	|014	|	|
265	|002	|023	|	|
266	|011	|004	|	|
267	|003	|021	|	|
268	|003	|034	|	|
269	|004	|025	|	|
270	|024	|012	|	|
271	|005	|035	|	|
272	|035	|021	|	|
273	|015	|001	|	|
274	|035	|022	|	|
275	|001	|034	|	|
276	|004	|012	|	|
277	|011	|031	|	|
278	|022	|032	|	|
279	|032	|011	|	|
280	|035	|013	|	|
281	|025	|014	|	|
282	|032	|022	|	|
283	|004	|015	|	|
284	|025	|015	|	|
285	|002	|011	|	|
286	|004	|022	|	|
287	|015	|033	|	|
288	|002	|013	|	|
289	|022	|015	|	|
290	|014	|004	|	|
291	|013	|025	|	|
292	|022	|035	|	|
293	|021	|003	|	|
294	|002	|032	|	|
295	|012	|005	|	|
296	|013	|001	|	|
297	|024	|031	|	|
298	|024	|034	|	|
299	|024	|035	|	|
300	|015	|003	|	|