cnd#	|left	|right	|test1	|test2		totalconditions=300
001	|014	|023	|	|
002	|022	|005	|	|
003	|024	|005	|	|
004	|034	|005	|	|
005	|023	|002	|	|
006	|031	|004	|	|
007	|023	|031	|	|
008	|013	|024	|	|
009	|031	|011	|	|
010	|015	|022	|	|
011	|023	|004	|	|
012	|002	|013	|	|
013	|024	|013	|	|
014	|025	|005	|	|
015	|003	|021	|	|
016	|034	|001	|	|
017	|011	|034	|	|
018	|023	|011	|	|
019	|001	|023	|	|
020	|004	|024	|	|
021	|003	|032	|	|
022	|005	|034	|	|
023	|011	|033	|	|
024	|035	|004	|	|
025	|024	|015	|	|
026	|002	|012	|	|
027	|035	|021	|	|
028	|015	|032	|	|
029	|021	|001	|	|
030	|012	|005	|	|
031	|014	|033	|	|
032	|024	|002	|	|
033	|024	|014	|	|
034	|014	|002	|	|
035	|034	|023	|	|
036	|002	|024	|	|
037	|021	|031	|	|
038	|005	|032	|	|
039	|005	|025	|	|
040	|014	|003	|	|
041	|001	|014	|	|
042	|024	|033	|	|
043	|023	|003	|	|
044	|022	|034	|	|
045	|003	|014	|	|
046	|022	|032	|	|
047	|035	|011	|	|
048	|012	|001	|	|
049	|022	|001	|	|
050	|015	|004	|	|
051	|011	|021	|	|
052	|031	|005	|	|
053	|011	|031	|	|
054	|022	|015	|	|
055	|021	|002	|	|
056	|012	|034	|	|
057	|022	|003	|	|
058	|034	|004	|	|
059	|025	|004	|	|
060	|015	|035	|	|
061	|022	|004	|	|
062	|023	|032	|	|
063	|001	|034	|	|
064	|035	|005	|	|
065	|035	|022	|	|
066	|014	|001	|	|
067	|035	|025	|	|
068	|032	|021	|	|
069	|024	|032	|	|
070	|025	|003	|	|
071	|005	|031	|	|
072	|032	|003	|	|
073	|025	|032	|	|
074	|032	|013	|	|
075	|001	|025	|	|
076	|022	|012	|	|
077	|011	|035	|	|
078	|003	|013	|	|
079	|035	|023	|	|
080	|011	|005	|	|
081	|002	|023	|	|
082	|011	|032	|	|
083	|033	|002	|	|
084	|032	|002	|	|
085	|002	|033	|	|
086	|032	|001	|	|
087	|022	|011	|	|
088	|013	|021	|	|
089	|004	|012	|	|
090	|014	|022	|	|
091	|021	|012	|	|
092	|013	|035	|	|
093	|002	|021	|	|
094	|004	|033	|	|
095	|004	|021	|	|
096	|004	|014	|	|
097	|001	|011	|	|
098	|013	|022	|	|
099	|033	|001	|	|
100	|012	|004	|	|
101	|014	|025	|	|
102	|023	|015	|	|
103	|001	|032	|	|
104	|013	|032	|	|
105	|033	|013	|	|
106	|002	|011	|	|
107	|032	|022	|	|
108	|013	|023	|	|
109	|002	|031	|	|
110	|022	|031	|	|
111	|015	|025	|	|
112	|022	|014	|	|
113	|004	|025	|	|
114	|003	|023	|	|
115	|004	|032	|	|
116	|013	|002	|	|
117	|012	|025	|	|
118	|013	|033	|	|
119	|003	|031	|	|
120	|031	|022	|	|
121	|001	|012	|	|
122	|015	|031	|	|
123	|005	|015	|	|
124	|034	|025	|	|
125	|033	|022	|	|
126	|032	|023	|	|
127	|033	|014	|	|
128	|015	|002	|	|
129	|023	|013	|	|
130	|031	|015	|	|
131	|033	|024	|	|
132	|013	|034	|	|
133	|021	|011	|	|
134	|012	|022	|	|
135	|005	|035	|	|
136	|031	|013	|	|
137	|024	|012	|	|
138	|025	|013	|	|
139	|014	|005	|	|
140	|031	|021	|	|
141	|005	|022	|	|
142	|011	|004	|	|
143	|032	|024	|	|
144	|025	|012	|	|
145	|003	|035	|	|
146	|033	|015	|	|
147	|012	|035	|	|
148	|002	|025	|	|
149	|035	|013	|	|
150	|015	|001	|	|
151	|012	|033	|	|
152	|024	|034	|	|
153	|005	|033	|	|
154	|005	|012	|	|
155	|032	|025	|	|
156	|001	|033	|	|
157	|023	|034	|	|
158	|033	|025	|	|
159	|015	|005	|	|
160	|003	|012	|	|
161	|021	|014	|	|
162	|013	|031	|	|
163	|034	|012	|	|
164	|004	|011	|	|
165	|002	|035	|	|
166	|015	|033	|	|
167	|014	|035	|	|
168	|025	|035	|	|
169	|022	|013	|	|
170	|014	|034	|	|
171	|002	|034	|	|
172	|033	|011	|	|
173	|033	|005	|	|
174	|024	|031	|	|
175	|001	|015	|	|
176	|014	|024	|	|
177	|003	|011	|	|
178	|025	|001	|	|
179	|015	|021	|	|
180	|002	|014	|	|
181	|032	|015	|	|
182	|003	|034	|	|
183	|021	|005	|	|
184	|031	|025	|	|
185	|012	|032	|	|
186	|013	|025	|	|
187	|034	|014	|	|
188	|004	|034	|	|
189	|001	|022	|	|
190	|033	|023	|	|
191	|031	|003	|	|
192	|035	|001	|	|
193	|021	|013	|	|
194	|015	|023	|	|
195	|014	|031	|	|
196	|035	|002	|	|
197	|034	|013	|	|
198	|012	|031	|	|
199	|025	|011	|	|
200	|021	|015	|	|
201	|034	|022	|	|
202	|023	|012	|	|
203	|035	|015	|	|
204	|021	|003	|	|
205	|011	|025	|	|
206	|034	|003	|	|
207	|035	|014	|	|
208	|021	|032	|	|
209	|025	|033	|	|
210	|012	|002	|	|
211	|035	|003	|	|
212	|024	|011	|	|
213	|022	|035	|	|
214	|021	|033	|	|
215	|011	|002	|	|
216	|012	|024	|	|
217	|013	|004	|	|
218	|012	|023	|	|
219	|025	|002	|	|
220	|001	|031	|	|
221	|001	|024	|	|
222	|033	|003	|	|
223	|032	|004	|	|
224	|023	|033	|	|
225	|034	|024	|	|
226	|021	|004	|	|
227	|003	|015	|	|
228	|034	|015	|	|
229	|013	|003	|	|
230	|024	|004	|	|
231	|033	|012	|	|
232	|024	|001	|	|
233	|005	|014	|	|
234	|005	|013	|	|
235	|002	|022	|	|
236	|004	|013	|	|
237	|014	|021	|	|
238	|013	|001	|	|
239	|023	|001	|	|
240	|011	|023	|	|
241	|025	|034	|	|
242	|025	|031	|	|
243	|034	|011	|	|
244	|032	|005	|	|
245	|003	|033	|	|
246	|005	|011	|	|
247	|012	|021	|	|
248	|001	|013	|	|
249	|031	|014	|	|
250	|004	|022	|	|
251	|005	|024	|	|
252	|032	|014	|	|
253	|003	|022	|	|
254	|034	|002	|	|
255	|023	|014	|	|
256	|004	|023	|	|
257	|032	|012	|	|
258	|023	|005	|	|
259	|031	|001	|	|
260	|032	|011	|	|
261	|021	|035	|	|
262	|003	|024	|	|
263	|022	|033	|	|
264	|015	|024	|	|
265	|014	|032	|	|
266	|005	|021	|	|
267	|004	|035	|	|
268	|025	|014	|	|
269	|023	|035	|	|
270	|011	|003	|	|
271	|015	|034	|	|
272	|031	|024	|	|
273	|004	|015	|	|
274	|034	|021	|	|
275	|031	|023	|	|
276	|012	|003	|	|
277	|001	|035	|	|
278	|035	|024	|	|
279	|031	|002	|	|
280	|035	|012	|	|
281	|033	|021	|	|
282	|021	|034	|	|
283	|024	|035	|	|
284	|001	|021	|	|
285	|033	|004	|	|
286	|031	|012	|	|
287	|002	|015	|	|
288	|014	|004	|	|
289	|005	|023	|	|
290	|022	|002	|	|
291	|011	|024	|	|
292	|013	|005	|	|
293	|011	|022	|	|
294	|004	|031	|	|
295	|025	|015	|	|
296	|015	|003	|	|
297	|003	|025	|	|
298	|024	|003	|	|
299	|002	|032	|	|
300	|011	|001	|	|