cnd#	|left	|right	|test1	|test2		totalconditions=224
001	|009	|013	|	|
002	|008	|001	|	|
003	|013	|006	|	|
004	|003	|006	|	|
005	|003	|014	|	|
006	|002	|010	|	|
007	|013	|007	|	|
008	|003	|008	|	|
009	|011	|014	|	|
010	|007	|010	|	|
011	|013	|002	|	|
012	|007	|009	|	|
013	|011	|006	|	|
014	|009	|007	|	|
015	|014	|008	|	|
016	|008	|016	|	|
017	|010	|001	|	|
018	|012	|013	|	|
019	|003	|009	|	|
020	|001	|008	|	|
021	|009	|011	|	|
022	|012	|006	|	|
023	|004	|015	|	|
024	|011	|008	|	|
025	|001	|005	|	|
026	|007	|014	|	|
027	|012	|014	|	|
028	|010	|012	|	|
029	|005	|014	|	|
030	|002	|004	|	|
031	|010	|016	|	|
032	|010	|011	|	|
033	|005	|015	|	|
034	|009	|003	|	|
035	|001	|013	|	|
036	|008	|003	|	|
037	|004	|014	|	|
038	|008	|009	|	|
039	|013	|008	|	|
040	|016	|008	|	|
041	|003	|002	|	|
042	|010	|007	|	|
043	|014	|004	|	|
044	|011	|009	|	|
045	|016	|014	|	|
046	|004	|005	|	|
047	|014	|002	|	|
048	|016	|006	|	|
049	|006	|009	|	|
050	|016	|001	|	|
051	|005	|004	|	|
052	|016	|007	|	|
053	|016	|009	|	|
054	|009	|001	|	|
055	|016	|004	|	|
056	|013	|003	|	|
057	|011	|007	|	|
058	|011	|010	|	|
059	|012	|009	|	|
060	|006	|004	|	|
061	|006	|010	|	|
062	|006	|002	|	|
063	|005	|008	|	|
064	|005	|016	|	|
065	|010	|003	|	|
066	|008	|011	|	|
067	|010	|008	|	|
068	|004	|011	|	|
069	|003	|007	|	|
070	|001	|009	|	|
071	|007	|002	|	|
072	|013	|016	|	|
073	|016	|002	|	|
074	|014	|016	|	|
075	|016	|011	|	|
076	|008	|005	|	|
077	|003	|012	|	|
078	|008	|002	|	|
079	|012	|003	|	|
080	|005	|002	|	|
081	|006	|008	|	|
082	|015	|009	|	|
083	|011	|003	|	|
084	|006	|013	|	|
085	|013	|004	|	|
086	|014	|005	|	|
087	|012	|005	|	|
088	|015	|006	|	|
089	|007	|005	|	|
090	|003	|016	|	|
091	|012	|008	|	|
092	|002	|016	|	|
093	|010	|002	|	|
094	|011	|005	|	|
095	|012	|010	|	|
096	|011	|013	|	|
097	|002	|005	|	|
098	|016	|013	|	|
099	|010	|005	|	|
100	|016	|010	|	|
101	|014	|012	|	|
102	|003	|015	|	|
103	|009	|008	|	|
104	|004	|007	|	|
105	|014	|015	|	|
106	|008	|015	|	|
107	|013	|012	|	|
108	|007	|016	|	|
109	|016	|003	|	|
110	|006	|012	|	|
111	|001	|016	|	|
112	|014	|011	|	|
113	|012	|002	|	|
114	|004	|006	|	|
115	|012	|001	|	|
116	|004	|016	|	|
117	|005	|009	|	|
118	|015	|001	|	|
119	|015	|002	|	|
120	|011	|004	|	|
121	|008	|006	|	|
122	|007	|011	|	|
123	|015	|008	|	|
124	|009	|005	|	|
125	|001	|010	|	|
126	|013	|015	|	|
127	|005	|013	|	|
128	|006	|016	|	|
129	|010	|015	|	|
130	|015	|012	|	|
131	|007	|006	|	|
132	|007	|015	|	|
133	|013	|001	|	|
134	|010	|014	|	|
135	|006	|015	|	|
136	|005	|003	|	|
137	|015	|014	|	|
138	|008	|010	|	|
139	|006	|011	|	|
140	|011	|002	|	|
141	|015	|013	|	|
142	|014	|006	|	|
143	|001	|007	|	|
144	|015	|005	|	|
145	|004	|008	|	|
146	|013	|011	|	|
147	|013	|009	|	|
148	|008	|012	|	|
149	|004	|013	|	|
150	|003	|001	|	|
151	|002	|009	|	|
152	|002	|013	|	|
153	|004	|012	|	|
154	|014	|003	|	|
155	|008	|013	|	|
156	|003	|011	|	|
157	|005	|010	|	|
158	|003	|005	|	|
159	|004	|009	|	|
160	|013	|010	|	|
161	|002	|015	|	|
162	|014	|001	|	|
163	|008	|014	|	|
164	|005	|007	|	|
165	|007	|004	|	|
166	|004	|010	|	|
167	|007	|003	|	|
168	|002	|014	|	|
169	|004	|001	|	|
170	|009	|014	|	|
171	|014	|010	|	|
172	|007	|012	|	|
173	|014	|007	|	|
174	|012	|007	|	|
175	|002	|007	|	|
176	|008	|004	|	|
177	|015	|004	|	|
178	|004	|002	|	|
179	|010	|004	|	|
180	|002	|003	|	|
181	|015	|007	|	|
182	|006	|003	|	|
183	|001	|003	|	|
184	|009	|015	|	|
185	|015	|003	|	|
186	|013	|005	|	|
187	|003	|010	|	|
188	|009	|004	|	|
189	|006	|014	|	|
190	|006	|001	|	|
191	|016	|005	|	|
192	|002	|011	|	|
193	|011	|001	|	|
194	|009	|016	|	|
195	|010	|013	|	|
196	|015	|011	|	|
197	|005	|011	|	|
198	|012	|004	|	|
199	|011	|015	|	|
200	|001	|004	|	|
201	|010	|006	|	|
202	|009	|002	|	|
203	|001	|006	|	|
204	|002	|006	|	|
205	|007	|001	|	|
206	|016	|012	|	|
207	|006	|007	|	|
208	|014	|009	|	|
209	|002	|012	|	|
210	|007	|013	|	|
211	|015	|010	|	|
212	|012	|015	|	|
213	|011	|016	|	|
214	|003	|013	|	|
215	|012	|016	|	|
216	|001	|015	|	|
217	|001	|011	|	|
218	|005	|012	|	|
219	|002	|008	|	|
220	|005	|001	|	|
221	|009	|012	|	|
222	|001	|012	|	|
223	|001	|014	|	|
224	|009	|006	|	|