cnd#	|left	|right	|test1	|test2		totalconditions=300
cnd#	|left	|right	|test1	|test2		totalconditions=300

001	|033	|024	|	|
002	|012	|002	|	|
003	|011	|024	|	|
004	|025	|001	|	|
005	|023	|013	|	|
006	|022	|032	|	|
007	|002	|032	|	|
008	|022	|034	|	|
009	|035	|011	|	|
010	|004	|033	|	|
011	|002	|012	|	|
012	|021	|033	|	|
013	|034	|003	|	|
014	|023	|011	|	|
015	|004	|014	|	|
016	|005	|023	|	|
017	|023	|012	|	|
018	|012	|031	|	|
019	|013	|021	|	|
020	|002	|035	|	|
021	|005	|035	|	|
022	|003	|023	|	|
023	|012	|021	|	|
024	|031	|013	|	|
025	|023	|035	|	|
026	|023	|034	|	|
027	|021	|003	|	|
028	|013	|034	|	|
029	|035	|015	|	|
030	|013	|005	|	|
031	|033	|011	|	|
032	|024	|003	|	|
033	|011	|035	|	|
034	|024	|011	|	|
035	|033	|015	|	|
036	|005	|011	|	|
037	|002	|011	|	|
038	|032	|025	|	|
039	|032	|004	|	|
040	|004	|011	|	|
041	|003	|014	|	|
042	|023	|031	|	|
043	|024	|034	|	|
044	|022	|003	|	|
045	|015	|034	|	|
046	|025	|004	|	|
047	|034	|005	|	|
048	|015	|033	|	|
049	|022	|005	|	|
050	|024	|001	|	|
051	|034	|014	|	|
052	|021	|001	|	|
053	|024	|035	|	|
054	|014	|005	|	|
055	|033	|023	|	|
056	|011	|005	|	|
057	|034	|022	|	|
058	|012	|004	|	|
059	|015	|035	|	|
060	|032	|024	|	|
061	|001	|023	|	|
062	|011	|003	|	|
063	|031	|021	|	|
064	|013	|035	|	|
065	|012	|035	|	|
066	|034	|025	|	|
067	|005	|024	|	|
068	|014	|024	|	|
069	|003	|021	|	|
070	|003	|013	|	|
071	|004	|023	|	|
072	|032	|002	|	|
073	|024	|004	|	|
074	|024	|005	|	|
075	|023	|003	|	|
076	|031	|011	|	|
077	|031	|002	|	|
078	|002	|024	|	|
079	|015	|031	|	|
080	|025	|031	|	|
081	|031	|005	|	|
082	|014	|023	|	|
083	|003	|024	|	|
084	|032	|014	|	|
085	|015	|021	|	|
086	|003	|025	|	|
087	|021	|031	|	|
088	|033	|022	|	|
089	|033	|025	|	|
090	|014	|035	|	|
091	|025	|012	|	|
092	|035	|012	|	|
093	|012	|003	|	|
094	|033	|013	|	|
095	|014	|004	|	|
096	|033	|001	|	|
097	|031	|014	|	|
098	|033	|014	|	|
099	|022	|002	|	|
100	|003	|015	|	|
101	|033	|004	|	|
102	|014	|025	|	|
103	|004	|021	|	|
104	|021	|034	|	|
105	|024	|032	|	|
106	|003	|012	|	|
107	|022	|011	|	|
108	|005	|034	|	|
109	|023	|001	|	|
110	|013	|025	|	|
111	|035	|014	|	|
112	|022	|001	|	|
113	|035	|022	|	|
114	|011	|022	|	|
115	|001	|024	|	|
116	|033	|002	|	|
117	|033	|012	|	|
118	|001	|031	|	|
119	|034	|021	|	|
120	|025	|035	|	|
121	|004	|035	|	|
122	|035	|005	|	|
123	|033	|003	|	|
124	|011	|004	|	|
125	|025	|015	|	|
126	|015	|003	|	|
127	|003	|032	|	|
128	|013	|004	|	|
129	|015	|004	|	|
130	|004	|032	|	|
131	|005	|013	|	|
132	|005	|033	|	|
133	|005	|025	|	|
134	|005	|012	|	|
135	|015	|005	|	|
136	|004	|015	|	|
137	|025	|005	|	|
138	|001	|015	|	|
139	|035	|003	|	|
140	|021	|012	|	|
141	|032	|013	|	|
142	|022	|013	|	|
143	|031	|024	|	|
144	|034	|015	|	|
145	|011	|002	|	|
146	|032	|022	|	|
147	|035	|021	|	|
148	|004	|034	|	|
149	|032	|005	|	|
150	|024	|031	|	|
151	|002	|034	|	|
152	|035	|001	|	|
153	|013	|032	|	|
154	|002	|023	|	|
155	|035	|024	|	|
156	|022	|033	|	|
157	|012	|033	|	|
158	|031	|003	|	|
159	|021	|015	|	|
160	|011	|032	|	|
161	|002	|031	|	|
162	|013	|001	|	|
163	|034	|001	|	|
164	|005	|014	|	|
165	|025	|014	|	|
166	|001	|012	|	|
167	|002	|014	|	|
168	|014	|033	|	|
169	|014	|034	|	|
170	|034	|023	|	|
171	|004	|024	|	|
172	|012	|022	|	|
173	|023	|004	|	|
174	|022	|015	|	|
175	|021	|002	|	|
176	|031	|015	|	|
177	|033	|021	|	|
178	|023	|015	|	|
179	|004	|031	|	|
180	|032	|003	|	|
181	|004	|025	|	|
182	|003	|034	|	|
183	|034	|024	|	|
184	|022	|014	|	|
185	|023	|033	|	|
186	|002	|013	|	|
187	|011	|031	|	|
188	|013	|022	|	|
189	|004	|022	|	|
190	|031	|022	|	|
191	|012	|023	|	|
192	|001	|021	|	|
193	|011	|033	|	|
194	|024	|015	|	|
195	|031	|025	|	|
196	|012	|024	|	|
197	|003	|022	|	|
198	|032	|015	|	|
199	|001	|035	|	|
200	|021	|013	|	|
201	|025	|011	|	|
202	|001	|032	|	|
203	|024	|033	|	|
204	|002	|022	|	|
205	|015	|022	|	|
206	|023	|014	|	|
207	|015	|032	|	|
208	|013	|024	|	|
209	|033	|005	|	|
210	|012	|034	|	|
211	|035	|004	|	|
212	|002	|033	|	|
213	|024	|013	|	|
214	|022	|031	|	|
215	|015	|001	|	|
216	|005	|021	|	|
217	|013	|002	|	|
218	|001	|014	|	|
219	|021	|005	|	|
220	|011	|034	|	|
221	|025	|034	|	|
222	|024	|014	|	|
223	|035	|023	|	|
224	|011	|001	|	|
225	|002	|021	|	|
226	|015	|025	|	|
227	|011	|021	|	|
228	|025	|032	|	|
229	|025	|013	|	|
230	|003	|033	|	|
231	|014	|001	|	|
232	|014	|003	|	|
233	|003	|035	|	|
234	|014	|022	|	|
235	|024	|002	|	|
236	|005	|032	|	|
237	|032	|001	|	|
238	|013	|023	|	|
239	|023	|032	|	|
240	|015	|002	|	|
241	|031	|023	|	|
242	|034	|012	|	|
243	|035	|013	|	|
244	|035	|025	|	|
245	|005	|015	|	|
246	|012	|032	|	|
247	|014	|032	|	|
248	|021	|004	|	|
249	|022	|035	|	|
250	|011	|025	|	|
251	|014	|031	|	|
252	|034	|011	|	|
253	|032	|011	|	|
254	|023	|002	|	|
255	|014	|021	|	|
256	|004	|013	|	|
257	|024	|012	|	|
258	|012	|025	|	|
259	|034	|002	|	|
260	|005	|022	|	|
261	|012	|001	|	|
262	|003	|031	|	|
263	|001	|022	|	|
264	|003	|011	|	|
265	|021	|014	|	|
266	|022	|012	|	|
267	|025	|033	|	|
268	|001	|033	|	|
269	|015	|023	|	|
270	|034	|004	|	|
271	|015	|024	|	|
272	|014	|002	|	|
273	|022	|004	|	|
274	|032	|021	|	|
275	|034	|013	|	|
276	|032	|012	|	|
277	|021	|011	|	|
278	|012	|005	|	|
279	|031	|012	|	|
280	|001	|013	|	|
281	|023	|005	|	|
282	|031	|001	|	|
283	|011	|023	|	|
284	|013	|031	|	|
285	|013	|033	|	|
286	|031	|004	|	|
287	|013	|003	|	|
288	|005	|031	|	|
289	|002	|015	|	|
290	|002	|025	|	|
291	|025	|002	|	|
292	|025	|003	|	|
293	|021	|035	|	|
294	|032	|023	|	|
295	|021	|032	|	|
296	|004	|012	|	|
297	|001	|011	|	|
298	|035	|002	|	|
299	|001	|025	|	|
300	|001	|034	|	|