cnd#	|left	|right	|test1	|test2		totalconditions=300
001	|003	|022	|	|
002	|021	|012	|	|
003	|003	|025	|	|
004	|035	|011	|	|
005	|014	|034	|	|
006	|005	|031	|	|
007	|012	|031	|	|
008	|021	|014	|	|
009	|012	|024	|	|
010	|001	|022	|	|
011	|015	|002	|	|
012	|015	|022	|	|
013	|024	|003	|	|
014	|021	|015	|	|
015	|025	|015	|	|
016	|032	|002	|	|
017	|005	|032	|	|
018	|004	|025	|	|
019	|025	|035	|	|
020	|024	|004	|	|
021	|004	|022	|	|
022	|025	|014	|	|
023	|033	|024	|	|
024	|022	|005	|	|
025	|034	|014	|	|
026	|021	|035	|	|
027	|025	|033	|	|
028	|025	|003	|	|
029	|035	|001	|	|
030	|022	|004	|	|
031	|031	|002	|	|
032	|015	|032	|	|
033	|033	|023	|	|
034	|015	|031	|	|
035	|015	|025	|	|
036	|034	|002	|	|
037	|034	|025	|	|
038	|024	|032	|	|
039	|001	|025	|	|
040	|011	|031	|	|
041	|004	|015	|	|
042	|013	|033	|	|
043	|031	|001	|	|
044	|034	|013	|	|
045	|013	|031	|	|
046	|004	|033	|	|
047	|022	|002	|	|
048	|035	|002	|	|
049	|001	|035	|	|
050	|022	|013	|	|
051	|031	|024	|	|
052	|023	|003	|	|
053	|035	|023	|	|
054	|013	|032	|	|
055	|011	|035	|	|
056	|004	|011	|	|
057	|033	|001	|	|
058	|024	|014	|	|
059	|011	|022	|	|
060	|004	|032	|	|
061	|025	|001	|	|
062	|031	|025	|	|
063	|005	|033	|	|
064	|025	|031	|	|
065	|002	|013	|	|
066	|002	|025	|	|
067	|014	|035	|	|
068	|035	|024	|	|
069	|001	|033	|	|
070	|005	|034	|	|
071	|003	|015	|	|
072	|002	|034	|	|
073	|005	|024	|	|
074	|035	|004	|	|
075	|014	|005	|	|
076	|023	|015	|	|
077	|031	|023	|	|
078	|013	|002	|	|
079	|022	|001	|	|
080	|035	|005	|	|
081	|013	|024	|	|
082	|023	|014	|	|
083	|032	|023	|	|
084	|025	|005	|	|
085	|001	|011	|	|
086	|033	|021	|	|
087	|023	|004	|	|
088	|011	|032	|	|
089	|014	|024	|	|
090	|012	|021	|	|
091	|022	|032	|	|
092	|025	|032	|	|
093	|004	|034	|	|
094	|034	|012	|	|
095	|034	|022	|	|
096	|005	|021	|	|
097	|015	|004	|	|
098	|012	|002	|	|
099	|013	|004	|	|
100	|013	|021	|	|
101	|025	|012	|	|
102	|024	|035	|	|
103	|024	|031	|	|
104	|013	|034	|	|
105	|031	|004	|	|
106	|021	|001	|	|
107	|004	|035	|	|
108	|002	|012	|	|
109	|012	|001	|	|
110	|024	|005	|	|
111	|014	|004	|	|
112	|025	|034	|	|
113	|013	|023	|	|
114	|011	|033	|	|
115	|025	|002	|	|
116	|023	|012	|	|
117	|015	|023	|	|
118	|012	|004	|	|
119	|014	|033	|	|
120	|022	|012	|	|
121	|032	|012	|	|
122	|033	|014	|	|
123	|004	|012	|	|
124	|014	|022	|	|
125	|003	|012	|	|
126	|023	|035	|	|
127	|032	|014	|	|
128	|034	|024	|	|
129	|003	|035	|	|
130	|011	|034	|	|
131	|031	|011	|	|
132	|023	|005	|	|
133	|011	|025	|	|
134	|011	|003	|	|
135	|031	|022	|	|
136	|015	|035	|	|
137	|035	|022	|	|
138	|022	|034	|	|
139	|005	|023	|	|
140	|025	|013	|	|
141	|015	|024	|	|
142	|034	|023	|	|
143	|012	|034	|	|
144	|022	|033	|	|
145	|032	|024	|	|
146	|011	|001	|	|
147	|032	|011	|	|
148	|011	|024	|	|
149	|004	|024	|	|
150	|002	|031	|	|
151	|033	|015	|	|
152	|033	|004	|	|
153	|021	|034	|	|
154	|023	|034	|	|
155	|015	|001	|	|
156	|033	|022	|	|
157	|003	|023	|	|
158	|014	|001	|	|
159	|014	|021	|	|
160	|032	|004	|	|
161	|021	|033	|	|
162	|001	|034	|	|
163	|002	|035	|	|
164	|011	|023	|	|
165	|002	|024	|	|
166	|013	|022	|	|
167	|021	|032	|	|
168	|034	|004	|	|
169	|013	|025	|	|
170	|003	|013	|	|
171	|015	|003	|	|
172	|035	|014	|	|
173	|021	|002	|	|
174	|001	|031	|	|
175	|032	|015	|	|
176	|002	|032	|	|
177	|035	|013	|	|
178	|003	|024	|	|
179	|033	|005	|	|
180	|014	|031	|	|
181	|001	|023	|	|
182	|011	|021	|	|
183	|013	|001	|	|
184	|024	|034	|	|
185	|031	|005	|	|
186	|031	|015	|	|
187	|005	|011	|	|
188	|022	|035	|	|
189	|012	|023	|	|
190	|034	|003	|	|
191	|024	|015	|	|
192	|034	|001	|	|
193	|034	|015	|	|
194	|005	|025	|	|
195	|024	|012	|	|
196	|012	|035	|	|
197	|033	|025	|	|
198	|022	|014	|	|
199	|023	|033	|	|
200	|034	|011	|	|
201	|003	|021	|	|
202	|004	|013	|	|
203	|001	|013	|	|
204	|025	|004	|	|
205	|022	|011	|	|
206	|001	|012	|	|
207	|005	|012	|	|
208	|035	|003	|	|
209	|002	|022	|	|
210	|012	|032	|	|
211	|002	|023	|	|
212	|031	|021	|	|
213	|015	|005	|	|
214	|034	|021	|	|
215	|012	|025	|	|
216	|001	|014	|	|
217	|021	|031	|	|
218	|002	|015	|	|
219	|003	|014	|	|
220	|005	|035	|	|
221	|014	|032	|	|
222	|035	|025	|	|
223	|035	|012	|	|
224	|001	|021	|	|
225	|004	|021	|	|
226	|035	|015	|	|
227	|031	|013	|	|
228	|022	|015	|	|
229	|011	|005	|	|
230	|002	|011	|	|
231	|032	|013	|	|
232	|004	|023	|	|
233	|005	|015	|	|
234	|025	|011	|	|
235	|033	|002	|	|
236	|024	|001	|	|
237	|023	|001	|	|
238	|003	|033	|	|
239	|012	|022	|	|
240	|024	|002	|	|
241	|013	|003	|	|
242	|003	|034	|	|
243	|033	|013	|	|
244	|021	|003	|	|
245	|021	|011	|	|
246	|021	|004	|	|
247	|024	|011	|	|
248	|022	|031	|	|
249	|003	|011	|	|
250	|032	|005	|	|
251	|013	|035	|	|
252	|012	|003	|	|
253	|035	|021	|	|
254	|002	|021	|	|
255	|002	|033	|	|
256	|032	|025	|	|
257	|003	|032	|	|
258	|001	|015	|	|
259	|011	|004	|	|
260	|032	|022	|	|
261	|004	|031	|	|
262	|014	|025	|	|
263	|011	|002	|	|
264	|033	|011	|	|
265	|034	|005	|	|
266	|014	|023	|	|
267	|021	|005	|	|
268	|014	|002	|	|
269	|012	|005	|	|
270	|033	|003	|	|
271	|024	|033	|	|
272	|012	|033	|	|
273	|032	|003	|	|
274	|015	|021	|	|
275	|031	|014	|	|
276	|032	|021	|	|
277	|003	|031	|	|
278	|023	|013	|	|
279	|015	|033	|	|
280	|031	|003	|	|
281	|021	|013	|	|
282	|001	|024	|	|
283	|013	|005	|	|
284	|001	|032	|	|
285	|004	|014	|	|
286	|032	|001	|	|
287	|023	|002	|	|
288	|023	|032	|	|
289	|031	|012	|	|
290	|005	|022	|	|
291	|015	|034	|	|
292	|002	|014	|	|
293	|014	|003	|	|
294	|024	|013	|	|
295	|033	|012	|	|
296	|005	|013	|	|
297	|022	|003	|	|
298	|023	|031	|	|
299	|005	|014	|	|
300	|023	|011	|	|