cnd#	|left	|right	|test1	|test2		totalconditions=300
001	|032	|002	|	|
002	|014	|023	|	|
003	|022	|011	|	|
004	|013	|031	|	|
005	|032	|004	|	|
006	|012	|031	|	|
007	|035	|022	|	|
008	|003	|014	|	|
009	|023	|032	|	|
010	|024	|003	|	|
011	|021	|013	|	|
012	|002	|011	|	|
013	|031	|004	|	|
014	|022	|014	|	|
015	|034	|015	|	|
016	|032	|021	|	|
017	|001	|021	|	|
018	|011	|003	|	|
019	|013	|024	|	|
020	|024	|005	|	|
021	|014	|033	|	|
022	|033	|022	|	|
023	|024	|013	|	|
024	|003	|011	|	|
025	|024	|033	|	|
026	|023	|003	|	|
027	|032	|015	|	|
028	|001	|034	|	|
029	|004	|021	|	|
030	|012	|023	|	|
031	|002	|013	|	|
032	|035	|024	|	|
033	|012	|034	|	|
034	|023	|033	|	|
035	|005	|021	|	|
036	|005	|024	|	|
037	|001	|015	|	|
038	|034	|014	|	|
039	|012	|024	|	|
040	|015	|005	|	|
041	|031	|025	|	|
042	|034	|024	|	|
043	|022	|015	|	|
044	|031	|001	|	|
045	|021	|014	|	|
046	|022	|035	|	|
047	|031	|022	|	|
048	|013	|005	|	|
049	|011	|031	|	|
050	|003	|015	|	|
051	|014	|035	|	|
052	|005	|031	|	|
053	|004	|035	|	|
054	|012	|001	|	|
055	|013	|023	|	|
056	|002	|014	|	|
057	|021	|012	|	|
058	|003	|031	|	|
059	|031	|013	|	|
060	|024	|032	|	|
061	|025	|004	|	|
062	|015	|021	|	|
063	|005	|025	|	|
064	|003	|034	|	|
065	|033	|005	|	|
066	|011	|001	|	|
067	|034	|023	|	|
068	|032	|005	|	|
069	|025	|005	|	|
070	|015	|004	|	|
071	|013	|035	|	|
072	|015	|001	|	|
073	|023	|002	|	|
074	|002	|033	|	|
075	|014	|024	|	|
076	|025	|003	|	|
077	|012	|003	|	|
078	|033	|021	|	|
079	|011	|024	|	|
080	|034	|012	|	|
081	|032	|013	|	|
082	|004	|022	|	|
083	|003	|024	|	|
084	|022	|013	|	|
085	|011	|033	|	|
086	|022	|033	|	|
087	|013	|003	|	|
088	|015	|003	|	|
089	|005	|022	|	|
090	|001	|025	|	|
091	|021	|004	|	|
092	|021	|003	|	|
093	|003	|013	|	|
094	|003	|012	|	|
095	|021	|015	|	|
096	|021	|001	|	|
097	|035	|013	|	|
098	|034	|003	|	|
099	|032	|023	|	|
100	|005	|033	|	|
101	|032	|014	|	|
102	|001	|033	|	|
103	|025	|035	|	|
104	|014	|034	|	|
105	|002	|035	|	|
106	|013	|001	|	|
107	|001	|011	|	|
108	|035	|001	|	|
109	|004	|011	|	|
110	|011	|021	|	|
111	|015	|034	|	|
112	|002	|022	|	|
113	|015	|023	|	|
114	|024	|004	|	|
115	|023	|035	|	|
116	|002	|031	|	|
117	|024	|001	|	|
118	|004	|015	|	|
119	|001	|012	|	|
120	|001	|022	|	|
121	|024	|014	|	|
122	|003	|033	|	|
123	|031	|002	|	|
124	|021	|035	|	|
125	|015	|031	|	|
126	|024	|015	|	|
127	|014	|031	|	|
128	|034	|004	|	|
129	|014	|025	|	|
130	|033	|013	|	|
131	|022	|004	|	|
132	|032	|003	|	|
133	|025	|031	|	|
134	|001	|035	|	|
135	|034	|021	|	|
136	|031	|021	|	|
137	|024	|034	|	|
138	|034	|002	|	|
139	|033	|002	|	|
140	|023	|015	|	|
141	|005	|023	|	|
142	|022	|031	|	|
143	|022	|002	|	|
144	|012	|035	|	|
145	|021	|011	|	|
146	|031	|012	|	|
147	|012	|021	|	|
148	|004	|012	|	|
149	|033	|012	|	|
150	|035	|005	|	|
151	|035	|002	|	|
152	|005	|011	|	|
153	|024	|012	|	|
154	|032	|024	|	|
155	|002	|015	|	|
156	|034	|001	|	|
157	|023	|013	|	|
158	|001	|031	|	|
159	|005	|035	|	|
160	|013	|025	|	|
161	|031	|003	|	|
162	|033	|015	|	|
163	|011	|022	|	|
164	|014	|022	|	|
165	|025	|032	|	|
166	|034	|022	|	|
167	|004	|025	|	|
168	|002	|032	|	|
169	|011	|004	|	|
170	|035	|021	|	|
171	|033	|025	|	|
172	|033	|023	|	|
173	|014	|001	|	|
174	|035	|004	|	|
175	|001	|023	|	|
176	|004	|032	|	|
177	|001	|013	|	|
178	|005	|014	|	|
179	|024	|002	|	|
180	|015	|032	|	|
181	|014	|004	|	|
182	|002	|023	|	|
183	|025	|001	|	|
184	|002	|021	|	|
185	|005	|012	|	|
186	|033	|003	|	|
187	|003	|022	|	|
188	|024	|031	|	|
189	|035	|015	|	|
190	|025	|015	|	|
191	|015	|035	|	|
192	|015	|024	|	|
193	|033	|004	|	|
194	|033	|001	|	|
195	|005	|032	|	|
196	|021	|033	|	|
197	|033	|024	|	|
198	|002	|012	|	|
199	|034	|025	|	|
200	|035	|012	|	|
201	|023	|005	|	|
202	|011	|002	|	|
203	|024	|011	|	|
204	|032	|012	|	|
205	|035	|003	|	|
206	|031	|015	|	|
207	|002	|025	|	|
208	|025	|012	|	|
209	|022	|001	|	|
210	|013	|034	|	|
211	|032	|011	|	|
212	|033	|014	|	|
213	|025	|014	|	|
214	|031	|014	|	|
215	|002	|034	|	|
216	|015	|002	|	|
217	|012	|032	|	|
218	|024	|035	|	|
219	|023	|001	|	|
220	|023	|034	|	|
221	|004	|013	|	|
222	|032	|022	|	|
223	|004	|034	|	|
224	|034	|005	|	|
225	|013	|002	|	|
226	|035	|011	|	|
227	|012	|004	|	|
228	|001	|032	|	|
229	|021	|032	|	|
230	|022	|034	|	|
231	|005	|034	|	|
232	|004	|023	|	|
233	|034	|013	|	|
234	|014	|005	|	|
235	|031	|023	|	|
236	|033	|011	|	|
237	|011	|035	|	|
238	|025	|011	|	|
239	|012	|005	|	|
240	|012	|033	|	|
241	|015	|022	|	|
242	|003	|035	|	|
243	|022	|003	|	|
244	|013	|004	|	|
245	|013	|032	|	|
246	|004	|014	|	|
247	|035	|014	|	|
248	|011	|025	|	|
249	|014	|021	|	|
250	|035	|023	|	|
251	|035	|025	|	|
252	|021	|034	|	|
253	|002	|024	|	|
254	|011	|034	|	|
255	|023	|004	|	|
256	|003	|023	|	|
257	|012	|025	|	|
258	|022	|005	|	|
259	|003	|021	|	|
260	|013	|021	|	|
261	|031	|005	|	|
262	|005	|013	|	|
263	|014	|032	|	|
264	|025	|013	|	|
265	|011	|032	|	|
266	|021	|002	|	|
267	|031	|024	|	|
268	|022	|032	|	|
269	|023	|031	|	|
270	|031	|011	|	|
271	|014	|003	|	|
272	|003	|025	|	|
273	|025	|002	|	|
274	|023	|014	|	|
275	|021	|005	|	|
276	|013	|033	|	|
277	|001	|014	|	|
278	|012	|022	|	|
279	|001	|024	|	|
280	|013	|022	|	|
281	|011	|023	|	|
282	|015	|025	|	|
283	|004	|024	|	|
284	|004	|031	|	|
285	|014	|002	|	|
286	|032	|001	|	|
287	|032	|025	|	|
288	|025	|034	|	|
289	|023	|011	|	|
290	|021	|031	|	|
291	|003	|032	|	|
292	|015	|033	|	|
293	|012	|002	|	|
294	|023	|012	|	|
295	|004	|033	|	|
296	|025	|033	|	|
297	|011	|005	|	|
298	|022	|012	|	|
299	|034	|011	|	|
300	|005	|015	|	|